50 50
0 0 5 10 g
5 0 11 10 D
0 10 5 20 F
5 10 11 20 g
11 0 19 2 6
19 0 21 2 3
11 2 19 20 g
19 2 21 20 C
0 20 3 21 g
3 20 11 21 F
0 21 3 36 g
3 21 11 36 E
11 20 18 31 B
18 20 21 31 7
11 31 18 36 H
18 31 21 36 4
21 0 23 2 w
23 0 25 2 2
21 2 23 6 8
23 2 25 6 g
25 0 26 1 E
26 0 26 1 1
25 1 26 6 w
26 1 26 6 5
21 6 23 15 G
23 6 25 15 9
21 15 23 36 F
23 15 25 36 g
25 6 25 31 D
25 6 26 31 A
25 31 25 36 A
25 31 26 36 g
0 36 1 36 E
1 36 3 36 g
0 36 1 37 9
1 36 3 37 4
3 36 5 36 A
5 36 21 36 w
3 36 5 37 w
5 36 21 37 7
0 37 2 38 1
2 37 3 38 D
0 38 2 38 D
2 38 3 38 w
3 37 19 38 6
19 37 21 38 w
3 38 19 38 g
19 38 21 38 A
21 36 23 36 A
23 36 25 36 D
21 36 23 37 A
23 36 25 37 E
25 36 25 37 B
25 36 26 37 6
25 37 25 37 6
25 37 26 37 H
21 37 23 38 w
23 37 25 38 w
21 38 23 38 g
23 38 25 38 8
25 37 26 38 F
26 37 26 38 A
25 38 26 38 H
26 38 26 38 E
26 0 27 4 C
27 0 28 4 9
26 4 27 6 6
27 4 28 6 6
28 0 31 4 7
31 0 45 4 w
28 4 31 6 4
31 4 45 6 w
26 6 27 15 g
27 6 28 15 4
26 15 27 21 4
27 15 28 21 3
28 6 36 8 9
36 6 45 8 C
28 8 36 21 6
36 8 45 21 g
45 0 45 2 w
45 0 46 2 g
45 2 45 8 3
45 2 46 8 5
46 0 49 4 g
49 0 50 4 B
46 4 49 8 4
49 4 50 8 B
45 8 45 19 5
45 8 46 19 I
45 19 45 21 7
45 19 46 21 D
46 8 47 13 8
47 8 50 13 g
46 13 47 21 w
47 13 50 21 6
26 21 28 26 8
28 21 31 26 7
26 26 28 29 g
28 26 31 29 H
31 21 38 22 2
38 21 45 22 g
31 22 38 29 B
38 22 45 29 g
26 29 30 36 6
30 29 31 36 E
26 36 30 38 F
30 36 31 38 w
31 29 33 34 H
33 29 45 34 w
31 34 33 38 7
33 34 45 38 H
45 21 47 23 G
47 21 49 23 g
45 23 47 26 g
47 23 49 26 H
49 21 50 25 g
50 21 50 25 w
49 25 50 26 I
50 25 50 26 F
45 26 48 32 w
48 26 49 32 w
45 32 48 38 E
48 32 49 38 6
49 26 49 37 C
49 26 50 37 B
49 37 49 38 8
49 37 50 38 g
0 38 1 38 F
1 38 2 38 E
0 38 1 39 4
1 38 2 39 F
2 38 8 38 w
8 38 16 38 F
2 38 8 39 2
8 38 16 39 w
0 39 1 38 H
1 39 2 38 F
0 38 1 39 6
1 38 2 39 F
2 39 11 38 g
11 39 16 38 E
2 38 11 39 H
11 38 16 39 8
16 38 17 38 9
17 38 18 38 5
16 38 17 39 F
17 38 18 39 I
18 38 24 39 8
24 38 26 39 3
18 39 24 39 2
24 39 26 39 H
16 39 17 38 8
17 39 18 38 g
16 38 17 39 g
17 38 18 39 F
18 39 19 38 w
19 39 26 38 w
18 38 19 39 1
19 38 26 39 4
0 39 8 40 9
8 39 13 40 8
0 40 8 45 D
8 40 13 45 2
13 39 15 40 H
15 39 16 40 w
13 40 15 45 D
15 40 16 45 D
0 45 10 48 9
10 45 13 48 g
0 48 10 50 2
10 48 13 50 A
13 45 15 49 2
15 45 16 49 9
13 49 15 50 1
15 49 16 50 9
16 39 18 40 5
18 39 19 40 g
16 40 18 41 1
18 40 19 41 9
19 39 24 40 g
24 39 26 40 1
19 40 24 41 G
24 40 26 41 2
16 41 17 43 g
17 41 19 43 7
16 43 17 50 D
17 43 19 50 9
19 41 22 47 g
22 41 26 47 6
19 47 22 50 2
22 47 26 50 5
26 38 27 39 w
27 38 30 39 5
26 39 27 39 A
27 39 30 39 3
30 38 32 39 6
32 38 33 39 w
30 39 32 39 5
32 39 33 39 4
26 39 29 45 F
29 39 30 45 3
26 45 29 46 E
29 45 30 46 8
30 39 32 42 2
32 39 33 42 I
30 42 32 46 g
32 42 33 46 g
33 38 36 44 9
36 38 38 44 3
33 44 36 45 w
36 44 38 45 6
38 38 46 41 C
46 38 50 41 G
38 41 46 45 3
46 41 50 45 H
33 45 37 46 g
37 45 38 46 6
33 46 37 46 1
37 46 38 46 B
38 45 49 45 w
49 45 50 45 4
38 45 49 46 4
49 45 50 46 8
26 46 27 47 w
27 46 27 47 H
26 47 27 48 g
27 47 27 48 w
27 46 28 47 w
28 46 33 47 G
27 47 28 48 6
28 47 33 48 8
26 48 26 49 I
26 48 27 49 D
26 49 26 50 D
26 49 27 50 w
27 48 32 49 8
32 48 33 49 G
27 49 32 50 F
32 49 33 50 G
33 46 36 46 B
36 46 37 46 3
33 46 36 47 2
36 46 37 47 E
37 46 39 47 H
39 46 50 47 H
37 47 39 47 A
39 47 50 47 g
33 47 35 49 6
35 47 37 49 w
33 49 35 50 D
35 49 37 50 7
37 47 43 49 g
43 47 50 49 w
37 49 43 50 C
43 49 50 50 D
