50 50
0 0 0 2 2
0 0 1 2 g
0 2 0 3 9
0 2 1 3 C
1 0 2 2 A
2 0 1 2 8
1 2 2 3 8
2 2 1 3 5
0 3 0 3 C
0 3 1 3 1
0 3 0 4 6
0 3 1 4 A
1 3 0 3 D
0 3 1 3 8
1 3 0 4 G
0 3 1 4 D
1 0 0 2 g
0 0 1 2 6
1 2 0 3 E
0 2 1 3 B
1 0 1 2 7
1 0 2 2 g
1 2 1 3 9
1 2 2 3 F
1 3 2 3 g
2 3 1 3 w
1 3 2 4 8
2 3 1 4 6
1 3 2 3 7
2 3 2 3 F
1 3 2 4 G
2 3 2 4 B
0 4 -1 4 9
-1 4 0 4 6
0 4 -1 5 C
-1 4 0 5 g
0 4 0 4 C
0 4 1 4 9
0 4 0 5 9
0 4 1 5 w
0 5 1 8 g
1 5 0 8 9
0 8 1 9 8
1 8 0 9 9
0 5 1 6 g
1 5 1 6 g
0 6 1 9 7
1 6 1 9 7
1 4 0 4 g
0 4 1 4 3
1 4 0 5 g
0 4 1 5 B
1 4 1 5 5
1 4 2 5 B
1 5 1 5 3
1 5 2 5 9
1 5 0 7 5
0 5 1 7 I
1 7 0 9 B
0 7 1 9 E
1 5 2 6 w
2 5 2 6 B
1 6 2 9 7
2 6 2 9 D
2 0 1 2 9
1 0 2 2 8
2 2 1 4 9
1 2 2 4 w
2 0 2 2 C
2 0 3 2 6
2 2 2 4 B
2 2 3 4 9
2 4 3 5 w
3 4 2 5 g
2 5 3 5 A
3 5 2 5 7
2 4 2 5 g
2 4 3 5 B
2 5 2 5 C
2 5 3 5 B
3 0 3 1 3
3 0 4 1 7
3 1 3 1 9
3 1 4 1 D
4 0 4 1 7
4 0 4 1 g
4 1 4 1 B
4 1 4 1 9
3 1 4 3 6
4 1 4 3 g
3 3 4 5 B
4 3 4 5 C
4 1 4 2 g
4 1 4 2 g
4 2 4 5 9
4 2 4 5 g
2 5 1 5 8
1 5 2 5 8
2 5 1 6 g
1 5 2 6 9
2 5 3 5 g
3 5 3 5 D
2 5 3 6 3
3 5 3 6 g
2 6 2 7 9
2 6 2 7 9
2 7 2 9 8
2 7 2 9 g
2 6 3 8 C
3 6 3 8 C
2 8 3 9 E
3 8 3 9 F
3 5 3 6 7
3 5 4 6 g
3 6 3 7 C
3 6 4 7 B
4 5 4 6 8
4 5 4 6 g
4 6 4 7 w
4 6 4 7 C
3 7 3 8 B
3 7 4 8 6
3 8 3 9 w
3 8 4 9 7
4 7 5 8 8
5 7 4 8 9
4 8 5 9 7
5 8 4 9 8
0 9 1 8 6
1 9 1 8 7
0 8 1 8 A
1 8 1 8 9
1 9 1 7 2
1 9 1 7 E
1 7 1 8 g
1 7 1 8 A
0 8 1 9 w
1 8 1 9 1
0 9 1 9 5
1 9 1 9 9
1 8 1 8 g
1 8 1 8 g
1 8 1 9 9
1 8 1 9 C
1 9 0 10 w
0 9 1 10 D
1 10 0 10 w
0 10 1 10 A
1 9 1 9 g
1 9 2 9 9
1 9 1 10 9
1 9 2 10 g
1 10 1 8 g
1 10 1 8 E
1 8 1 9 9
1 8 1 9 B
1 10 2 11 9
2 10 2 11 8
1 11 2 9 G
2 11 2 9 4
0 9 -1 10 9
-1 9 0 10 D
0 10 -1 10 C
-1 10 0 10 g
0 9 0 10 8
0 9 1 10 5
0 10 0 10 6
0 10 1 10 5
0 10 0 11 9
0 10 0 11 B
0 11 0 10 g
0 11 0 10 C
0 10 1 9 D
1 10 1 9 A
0 9 1 10 5
1 9 1 10 A
1 9 1 10 A
1 9 1 10 7
1 10 1 10 8
1 10 1 10 E
1 9 1 9 A
1 9 2 9 g
1 9 1 10 w
1 9 2 10 8
1 10 1 10 g
1 10 1 10 B
1 10 1 10 9
1 10 1 10 C
1 10 2 10 9
2 10 2 10 D
1 10 2 10 4
2 10 2 10 g
2 9 2 7 A
2 9 2 7 g
2 7 2 8 6
2 7 2 8 4
2 9 3 9 w
3 9 3 9 g
2 9 3 8 8
3 9 3 8 5
2 8 1 9 E
1 8 2 9 C
2 9 1 9 B
1 9 2 9 w
2 8 3 9 g
3 8 3 9 g
2 9 3 9 8
3 9 3 9 C
3 9 4 10 9
4 9 4 10 9
3 10 4 8 8
4 10 4 8 B
4 9 3 10 A
3 9 4 10 A
4 10 3 8 B
3 10 4 8 C
3 8 4 8 g
4 8 4 8 C
3 8 4 9 8
4 8 4 9 1
4 8 4 9 B
4 8 4 9 C
4 9 4 9 7
4 9 4 9 8
2 9 2 8 A
2 9 3 8 E
2 8 2 9 8
2 8 3 9 6
3 9 2 8 6
2 9 3 8 F
3 8 2 9 7
2 8 3 9 8
2 9 3 9 w
3 9 3 9 w
2 9 3 10 g
3 9 3 10 6
3 9 3 10 8
3 9 3 10 9
3 10 3 10 8
3 10 3 10 F
3 9 4 9 8
4 9 4 9 g
3 9 4 9 C
4 9 4 9 g
4 9 5 10 g
5 9 4 10 7
4 10 5 9 D
5 10 4 9 g
3 9 4 9 A
4 9 4 9 g
3 9 4 10 w
4 9 4 10 g
4 9 3 10 6
3 9 4 10 C
4 10 3 10 g
3 10 4 10 D
4 0 4 -1 F
4 0 5 -1 3
4 -1 4 0 7
4 -1 5 0 B
5 0 5 1 3
5 0 6 1 5
5 1 5 0 w
5 1 6 0 7
4 0 5 1 8
5 0 5 1 g
4 1 5 1 8
5 1 5 1 C
5 0 6 0 B
6 0 6 0 E
5 0 6 1 H
6 0 6 1 5
6 0 7 0 2
7 0 7 0 B
6 0 7 0 D
7 0 7 0 g
7 0 7 -1 7
7 0 8 -1 A
7 -1 7 0 7
7 -1 8 0 w
6 0 7 0 H
7 0 7 0 3
6 0 7 1 A
7 0 7 1 g
7 0 8 1 8
8 0 8 1 5
7 1 8 1 g
8 1 8 1 A
4 1 5 0 8
5 1 5 0 B
4 0 5 1 F
5 0 5 1 5
5 1 5 2 g
5 1 6 2 g
5 2 5 1 g
5 2 6 1 8
4 1 4 1 C
4 1 5 1 D
4 1 4 2 6
4 1 5 2 2
5 1 5 1 A
5 1 6 1 B
5 1 5 2 g
5 1 6 2 g
6 1 7 1 D
7 1 7 1 w
6 1 7 1 8
7 1 7 1 I
7 1 8 0 8
8 1 8 0 6
7 0 8 1 E
8 0 8 1 8
6 1 7 1 A
7 1 7 1 A
6 1 7 2 A
7 1 7 2 D
7 1 7 2 C
7 1 8 2 8
7 2 7 2 8
7 2 8 2 C
8 0 8 -1 g
8 0 8 -1 6
8 -1 8 0 C
8 -1 8 0 9
8 0 8 0 9
8 0 9 0 g
8 0 8 0 g
8 0 9 0 F
8 0 7 1 w
7 0 8 1 C
8 1 7 1 g
7 1 8 1 7
8 0 8 1 w
8 0 9 1 5
8 1 8 1 5
8 1 9 1 C
9 0 8 0 g
8 0 8 0 A
9 0 8 1 B
8 0 8 1 4
8 0 8 1 g
8 0 9 1 D
8 1 8 1 8
8 1 9 1 g
9 1 8 1 g
8 1 8 1 D
9 1 8 1 g
8 1 8 1 g
8 1 9 0 H
9 1 9 0 A
8 0 9 1 G
9 0 9 1 8
8 1 9 1 A
9 1 8 1 7
8 1 9 1 C
9 1 8 1 E
8 1 8 0 B
8 1 9 0 5
8 0 8 1 8
8 0 9 1 8
8 1 8 2 g
8 1 8 2 A
8 2 8 2 g
8 2 8 2 2
8 1 9 1 A
9 1 9 1 8
8 1 9 2 A
9 1 9 2 g
9 1 9 2 C
9 1 9 2 g
9 2 9 1 7
9 2 9 1 g
9 1 8 1 9
8 1 9 1 7
9 1 8 1 C
8 1 9 1 w
9 1 10 1 g
10 1 9 1 E
9 1 10 2 w
10 1 9 2 6
9 1 9 2 6
9 1 9 2 g
9 2 9 2 g
9 2 9 2 A
4 2 4 3 g
4 2 4 3 g
4 3 4 4 g
4 3 4 4 7
4 2 4 3 6
4 2 5 3 g
4 3 4 4 A
4 3 5 4 g
4 4 3 4 E
3 4 4 4 6
4 4 3 5 C
3 4 4 5 g
4 4 5 5 B
5 4 5 5 B
4 5 5 5 A
5 5 5 5 A
5 2 6 3 8
6 2 7 3 D
5 3 6 3 C
6 3 7 3 g
7 2 8 3 g
8 2 8 3 9
7 3 8 3 6
8 3 8 3 7
5 3 6 4 g
6 3 7 4 9
5 4 6 5 g
6 4 7 5 g
7 3 8 4 g
8 3 8 4 7
7 4 8 5 8
8 4 8 5 6
4 5 3 5 A
3 5 4 5 w
4 5 3 6 3
3 5 4 6 9
4 5 5 5 g
5 5 5 5 B
4 5 5 6 g
5 5 5 6 g
4 6 5 8 8
5 6 4 8 7
4 8 5 10 4
5 8 4 10 F
4 6 5 8 g
5 6 5 8 w
4 8 5 10 A
5 8 5 10 9
5 5 5 6 2
5 5 6 6 g
5 6 5 8 3
5 6 6 8 C
6 5 7 6 A
7 5 8 6 g
6 6 7 8 G
7 6 8 8 A
5 8 5 9 7
5 8 6 9 6
5 9 5 10 4
5 9 6 10 B
6 8 7 9 w
7 8 8 9 6
6 9 7 10 5
7 9 8 10 8
8 2 8 2 g
8 2 9 2 C
8 2 8 3 9
8 2 9 3 4
9 2 10 2 g
10 2 8 2 9
9 2 10 3 4
10 2 8 3 A
8 3 8 4 g
8 3 9 4 g
8 4 8 4 8
8 4 9 4 D
9 3 9 3 A
9 3 8 3 4
9 3 9 4 w
9 3 8 4 6
8 2 8 2 B
8 2 9 2 3
8 2 8 3 8
8 2 9 3 F
9 2 9 2 6
9 2 9 2 B
9 2 9 3 g
9 2 9 3 A
8 3 9 4 g
9 3 9 4 g
8 4 9 4 A
9 4 9 4 D
9 3 8 3 A
8 3 9 3 6
9 3 8 4 C
8 3 9 4 5
8 4 9 5 4
9 4 9 5 7
8 5 9 5 g
9 5 9 5 g
9 4 10 4 w
10 4 8 4 5
9 4 10 5 8
10 4 8 5 2
8 5 8 6 3
8 5 9 6 6
8 6 8 10 w
8 6 9 10 D
9 5 7 7 D
7 5 8 7 C
9 7 7 10 7
7 7 8 10 g
8 4 7 8 4
7 4 8 8 B
8 8 7 9 3
7 8 8 9 6
8 4 9 8 9
9 4 9 8 g
8 8 9 9 A
9 8 9 9 8
8 9 8 10 9
8 9 8 10 8
8 10 8 10 3
8 10 8 10 A
8 9 9 9 g
9 9 9 9 9
8 9 9 10 g
9 9 9 10 E
0 10 -1 11 7
-1 10 0 11 g
0 11 -1 17 w
-1 11 0 17 7
0 10 1 11 B
1 10 1 11 C
0 11 1 17 3
1 11 1 17 g
0 17 0 18 E
0 17 0 18 2
0 18 0 19 D
0 18 0 19 B
0 17 0 18 3
0 17 1 18 5
0 18 0 19 7
0 18 1 19 A
1 10 2 11 g
2 10 2 11 B
1 11 2 18 8
2 11 2 18 C
2 10 2 13 g
2 10 3 13 g
2 13 2 18 4
2 13 3 18 D
1 18 2 19 g
2 18 2 19 C
1 19 2 19 8
2 19 2 19 C
2 18 3 18 8
3 18 3 18 g
2 18 3 19 A
3 18 3 19 A
0 19 1 20 B
1 19 1 20 9
0 20 1 21 E
1 20 1 21 A
1 19 2 20 8
2 19 1 20 9
1 20 2 21 8
2 20 1 21 9
0 21 1 22 g
1 21 1 22 B
0 22 1 23 D
1 22 1 23 F
1 21 1 22 6
1 21 1 22 7
1 22 1 23 E
1 22 1 23 8
1 19 2 20 2
2 19 2 20 g
1 20 2 20 D
2 20 2 20 5
2 19 3 20 7
3 19 3 20 A
2 20 3 20 8
3 20 3 20 9
1 20 2 22 6
2 20 2 22 A
1 22 2 23 E
2 22 2 23 D
2 20 2 21 7
2 20 3 21 g
2 21 2 23 8
2 21 3 23 w
3 10 4 14 g
4 10 3 14 g
3 14 4 16 E
4 14 3 16 g
3 10 3 12 9
3 10 3 12 6
3 12 3 16 8
3 12 3 16 C
3 16 4 17 8
4 16 3 17 2
3 17 4 18 g
4 17 3 18 6
3 16 3 17 9
3 16 3 17 B
3 17 3 18 C
3 17 3 18 8
3 10 4 10 g
4 10 3 10 A
3 10 4 11 9
4 10 3 11 6
3 10 3 10 6
3 10 4 10 g
3 10 3 11 3
3 10 4 11 9
3 11 3 15 D
3 11 3 15 g
3 15 3 18 F
3 15 3 18 B
3 11 3 16 F
3 11 4 16 8
3 16 3 18 g
3 16 4 18 B
3 18 3 19 F
3 18 4 19 E
3 19 3 21 w
3 19 4 21 9
4 18 2 19 E
2 18 3 19 D
4 19 2 21 8
2 19 3 21 4
3 21 3 22 g
3 21 4 22 g
3 22 3 23 7
3 22 4 23 6
4 21 3 22 w
3 21 3 22 4
4 22 3 23 B
3 22 3 23 B
3 18 3 19 G
3 18 4 19 F
3 19 3 21 7
3 19 4 21 D
4 18 5 19 C
5 18 4 19 H
4 19 5 21 A
5 19 4 21 g
3 21 3 22 5
3 21 4 22 5
3 22 3 23 9
3 22 4 23 g
4 21 3 22 g
3 21 4 22 9
4 22 3 23 A
3 22 4 23 C
0 23 1 22 9
1 23 1 22 A
0 22 1 23 7
1 22 1 23 2
1 23 2 23 D
2 23 1 23 7
1 23 2 23 g
2 23 1 23 4
0 23 0 23 w
0 23 1 23 3
0 23 0 24 5
0 23 1 24 g
1 23 2 23 g
2 23 1 23 D
1 23 2 24 C
2 23 1 24 D
1 23 1 22 E
1 23 2 22 6
1 22 1 23 B
1 22 2 23 g
2 23 2 22 2
2 23 3 22 9
2 22 2 23 7
2 22 3 23 7
1 23 1 24 w
1 23 2 24 7
1 24 1 24 w
1 24 2 24 A
2 23 3 23 9
3 23 3 23 D
2 23 3 24 9
3 23 3 24 E
0 24 1 23 F
1 24 0 23 9
0 23 1 24 g
1 23 0 24 7
0 24 1 24 4
1 24 1 24 B
0 24 1 24 g
1 24 1 24 5
0 24 -1 24 2
-1 24 0 24 B
0 24 -1 25 w
-1 24 0 25 9
0 24 0 24 8
0 24 1 24 7
0 24 0 25 5
0 24 1 25 A
1 24 2 25 A
2 24 2 25 g
1 25 2 24 2
2 25 2 24 g
2 24 2 24 A
2 24 3 24 3
2 24 2 24 g
2 24 3 24 g
1 24 1 24 6
1 24 2 24 w
1 24 1 25 9
1 24 2 25 A
2 24 2 24 C
2 24 3 24 8
2 24 2 25 A
2 24 3 25 C
3 23 2 24 g
2 23 2 24 g
3 24 2 24 C
2 24 2 24 B
2 23 3 23 g
3 23 3 23 B
2 23 3 24 B
3 23 3 24 6
3 24 3 24 8
3 24 2 24 F
3 24 3 24 w
3 24 2 24 6
2 24 3 24 D
3 24 3 24 7
2 24 3 24 C
3 24 3 24 9
3 23 4 22 5
4 23 3 22 g
3 22 4 23 8
4 22 3 23 5
3 23 3 24 C
3 23 4 24 8
3 24 3 23 7
3 24 4 23 B
3 23 2 24 A
2 23 3 24 8
3 24 2 24 8
2 24 3 24 g
3 23 3 23 C
3 23 4 23 9
3 23 3 24 H
3 23 4 24 9
3 24 2 24 8
2 24 2 24 4
3 24 2 24 7
2 24 2 24 7
2 24 3 24 g
3 24 3 24 B
2 24 3 24 A
3 24 3 24 C
3 24 3 25 g
3 24 2 25 D
3 25 3 25 9
3 25 2 25 G
2 24 3 25 8
3 24 3 25 D
2 25 3 25 7
3 25 3 25 A
3 24 3 25 E
3 24 4 25 E
3 25 3 25 A
3 25 4 25 A
4 24 4 24 D
4 24 4 24 2
4 24 4 25 w
4 24 4 25 7
3 25 4 26 A
4 25 4 26 1
3 26 4 25 6
4 26 4 25 A
4 25 4 25 C
4 25 4 25 g
4 25 4 25 9
4 25 4 25 D
4 10 5 11 8
5 10 4 11 6
4 11 5 13 B
5 11 4 13 C
4 10 5 12 8
5 10 4 12 g
4 12 5 13 3
5 12 4 13 9
4 13 3 14 G
3 13 4 14 8
4 14 3 14 8
3 14 4 14 A
4 13 4 14 w
4 13 4 14 9
4 14 4 14 A
4 14 4 14 g
4 10 5 11 6
5 10 4 11 8
4 11 5 11 6
5 11 4 11 9
4 10 4 10 A
4 10 5 10 6
4 10 4 11 g
4 10 5 11 8
4 11 3 13 w
3 11 4 13 w
4 13 3 14 A
3 13 4 14 8
4 11 5 12 C
5 11 5 12 8
4 12 5 14 D
5 12 5 14 9
4 14 4 14 9
4 14 4 14 g
4 14 4 15 8
4 14 4 15 8
4 14 4 15 9
4 14 4 15 g
4 15 4 15 g
4 15 4 15 8
4 15 3 15 7
3 15 4 15 7
4 15 3 16 g
3 15 4 16 g
4 15 5 15 4
5 15 4 15 g
4 15 5 16 w
5 15 4 16 g
4 14 4 14 6
4 14 5 14 6
4 14 4 15 A
4 14 5 15 g
5 14 6 15 5
6 14 5 15 g
5 15 6 15 4
6 15 5 15 3
4 15 5 16 F
5 15 5 16 g
4 16 5 16 w
5 16 5 16 8
5 15 6 15 4
6 15 5 15 9
5 15 6 16 3
6 15 5 16 D
5 10 5 11 4
5 10 6 11 g
5 11 5 11 G
5 11 6 11 7
6 10 6 10 8
6 10 7 10 6
6 10 6 11 6
6 10 7 11 B
5 11 5 12 9
5 11 6 12 C
5 12 5 12 8
5 12 6 12 g
6 11 6 11 9
6 11 7 11 g
6 11 6 12 8
6 11 7 12 w
7 10 7 10 C
7 10 8 10 A
7 10 7 11 G
7 10 8 11 g
8 10 8 10 H
8 10 9 10 G
8 10 8 11 9
8 10 9 11 3
7 11 8 12 g
8 11 8 12 F
7 12 8 12 A
8 12 8 12 7
8 11 8 12 9
8 11 9 12 9
8 12 8 12 I
8 12 9 12 9
5 12 6 13 7
6 12 6 13 C
5 13 6 14 3
6 13 6 14 7
6 12 7 13 g
7 12 7 13 9
6 13 7 14 7
7 13 7 14 F
5 14 6 15 A
6 14 6 15 w
5 15 6 16 6
6 15 6 16 w
6 14 6 15 3
6 14 7 15 A
6 15 6 16 5
6 15 7 16 g
7 12 7 13 g
7 12 8 13 g
7 13 7 15 E
7 13 8 15 7
8 12 9 13 C
9 12 9 13 g
8 13 9 15 7
9 13 9 15 g
7 15 7 15 6
7 15 8 15 7
7 15 7 16 B
7 15 8 16 w
8 15 9 16 g
9 15 9 16 8
8 16 9 16 9
9 16 9 16 w
4 16 3 16 8
3 16 3 16 6
4 16 3 17 7
3 16 3 17 A
3 16 4 16 5
4 16 4 16 I
3 16 4 17 g
4 16 4 17 4
4 17 3 18 B
3 17 3 18 9
4 18 3 18 8
3 18 3 18 A
3 17 4 18 A
4 17 4 18 C
3 18 4 18 g
4 18 4 18 w
4 16 4 16 g
4 16 5 16 6
4 16 4 17 g
4 16 5 17 w
5 16 6 17 F
6 16 5 17 7
5 17 6 17 B
6 17 5 17 B
4 17 4 17 8
4 17 5 17 9
4 17 4 18 7
4 17 5 18 9
5 17 6 17 9
6 17 5 17 A
5 17 6 18 B
6 17 5 18 7
4 18 4 18 A
4 18 4 18 B
4 18 4 19 g
4 18 4 19 w
4 18 3 19 F
3 18 4 19 A
4 19 3 19 D
3 19 4 19 G
4 19 4 24 6
4 19 4 24 g
4 24 4 25 9
4 24 4 25 8
4 19 5 22 9
5 19 4 22 g
4 22 5 25 w
5 22 4 25 D
4 18 4 20 g
4 18 5 20 A
4 20 4 23 w
4 20 5 23 A
5 18 5 22 7
5 18 5 22 B
5 22 5 23 w
5 22 5 23 g
4 23 4 24 C
4 23 5 24 g
4 24 4 25 8
4 24 5 25 g
5 23 6 24 6
6 23 5 24 5
5 24 6 25 9
6 24 5 25 g
5 16 4 16 6
4 16 5 16 7
5 16 4 17 g
4 16 5 17 9
5 16 6 17 9
6 16 6 17 A
5 17 6 17 I
6 17 6 17 C
5 17 6 18 G
6 17 5 18 8
5 18 6 17 g
6 18 5 17 w
5 17 6 18 w
6 17 6 18 7
5 18 6 17 2
6 18 6 17 7
6 16 7 16 9
7 16 7 16 9
6 16 7 17 H
7 16 7 17 F
7 16 8 17 g
8 16 9 17 g
7 17 8 17 C
8 17 9 17 A
6 17 6 17 D
6 17 7 17 B
6 17 6 17 9
6 17 7 17 3
7 17 8 18 D
8 17 9 18 5
7 18 8 17 B
8 18 9 17 g
5 17 5 19 A
5 17 6 19 w
5 19 5 21 A
5 19 6 21 g
6 17 7 19 g
7 17 6 19 2
6 19 7 21 8
7 19 6 21 B
5 21 5 23 g
5 21 6 23 C
5 23 5 25 9
5 23 6 25 w
6 21 6 22 9
6 21 6 22 7
6 22 6 25 6
6 22 6 25 w
6 17 7 18 B
7 17 8 18 w
6 18 7 21 w
7 18 8 21 9
8 17 9 20 B
9 17 9 20 5
8 20 9 21 g
9 20 9 21 9
6 21 7 24 1
7 21 8 24 g
6 24 7 25 4
7 24 8 25 E
8 21 9 23 8
9 21 9 23 E
8 23 9 25 g
9 23 9 25 E
9 0 10 -1 6
10 0 10 -1 6
9 -1 10 0 9
10 -1 10 0 g
10 0 11 -1 B
11 0 10 -1 5
10 -1 11 0 9
11 -1 10 0 6
9 0 9 1 9
9 0 10 1 w
9 1 9 1 A
9 1 10 1 5
10 0 11 1 5
11 0 10 1 A
10 1 11 1 w
11 1 10 1 C
10 0 11 0 A
11 0 11 0 B
10 0 11 0 7
11 0 11 0 7
11 0 12 0 9
12 0 19 0 3
11 0 12 0 8
12 0 19 0 5
10 0 10 1 G
10 0 11 1 B
10 1 10 1 G
10 1 11 1 D
11 0 12 0 8
12 0 19 0 A
11 0 12 1 8
12 0 19 1 B
9 1 8 1 C
8 1 9 1 7
9 1 8 2 B
8 1 9 2 A
9 1 10 2 D
10 1 10 2 B
9 2 10 2 6
10 2 10 2 g
9 2 8 3 7
8 2 9 3 B
9 3 8 4 1
8 3 9 4 D
9 2 9 3 7
9 2 10 3 C
9 3 9 4 7
9 3 10 4 7
10 1 13 2 G
13 1 15 2 g
10 2 13 3 D
13 2 15 3 F
15 1 17 2 w
17 1 19 2 8
15 2 17 3 w
17 2 19 3 C
10 3 13 3 B
13 3 15 3 A
10 3 13 4 G
13 3 15 4 g
15 3 16 4 A
16 3 19 4 B
15 4 16 4 E
16 4 19 4 3
19 0 18 1 9
18 0 19 1 g
19 1 18 1 6
18 1 19 1 B
19 0 19 1 9
19 0 20 1 A
19 1 19 1 g
19 1 20 1 w
19 1 19 2 7
19 1 19 2 7
19 2 19 2 g
19 2 19 2 3
19 1 20 1 E
20 1 20 1 5
19 1 20 2 8
20 1 20 2 D
20 0 21 1 5
21 0 21 1 C
20 1 21 1 w
21 1 21 1 E
21 0 23 1 7
23 0 27 1 g
21 1 23 1 g
23 1 27 1 g
20 1 21 1 5
21 1 21 1 9
20 1 21 2 E
21 1 21 2 8
21 1 24 1 A
24 1 27 1 g
21 1 24 2 w
24 1 27 2 C
19 2 20 2 9
20 2 20 2 g
19 2 20 3 g
20 2 20 3 6
20 2 20 3 B
20 2 20 3 E
20 3 20 3 G
20 3 20 3 g
19 3 19 4 g
19 3 20 4 2
19 4 19 4 2
19 4 20 4 6
20 3 19 3 g
19 3 20 3 A
20 3 19 4 B
19 3 20 4 g
20 2 21 3 8
21 2 22 3 7
20 3 21 3 9
21 3 22 3 C
22 2 25 3 7
25 2 27 3 6
22 3 25 3 5
25 3 27 3 w
20 3 21 4 A
21 3 22 4 5
20 4 21 4 B
21 4 22 4 E
22 3 23 4 D
23 3 27 4 9
22 4 23 4 9
23 4 27 4 E
9 4 10 4 g
10 4 12 4 I
9 4 10 5 6
10 4 12 5 D
12 4 13 4 A
13 4 13 4 g
12 4 13 5 9
13 4 13 5 6
9 5 11 6 7
11 5 12 6 B
9 6 11 7 A
11 6 12 7 8
12 5 13 6 8
13 5 13 6 9
12 6 13 7 6
13 6 13 7 B
13 4 14 4 D
14 4 17 4 A
13 4 14 5 F
14 4 17 5 4
17 4 18 5 E
18 4 19 5 w
17 5 18 5 7
18 5 19 5 w
13 5 14 6 C
14 5 17 6 6
13 6 14 7 C
14 6 17 7 6
17 5 18 6 g
18 5 19 6 5
17 6 18 7 D
18 6 19 7 5
9 7 10 7 C
10 7 11 7 g
9 7 10 8 5
10 7 11 8 7
11 7 12 8 7
12 7 13 8 A
11 8 12 8 g
12 8 13 8 C
9 8 10 9 G
10 8 11 9 2
9 9 10 11 A
10 9 11 11 5
11 8 12 9 C
12 8 13 9 8
11 9 12 11 A
12 9 13 11 A
13 7 14 8 5
14 7 16 8 F
13 8 14 9 E
14 8 16 9 7
16 7 18 8 w
18 7 19 8 E
16 8 18 9 C
18 8 19 9 A
13 9 15 10 g
15 9 16 10 E
13 10 15 11 w
15 10 16 11 B
16 9 17 10 g
17 9 19 10 g
16 10 17 11 F
17 10 19 11 g
19 4 20 5 g
20 4 22 5 F
19 5 20 5 6
20 5 22 5 w
22 4 23 5 g
23 4 23 5 g
22 5 23 5 D
23 5 23 5 A
19 5 20 6 B
20 5 22 6 9
19 6 20 6 w
20 6 22 6 8
22 5 23 6 9
23 5 23 6 9
22 6 23 6 6
23 6 23 6 D
23 4 24 4 2
24 4 24 4 G
23 4 24 5 g
24 4 24 5 D
24 4 26 5 A
26 4 27 5 A
24 5 26 5 9
26 5 27 5 D
23 5 23 5 E
23 5 24 5 C
23 5 23 6 F
23 5 24 6 D
24 5 25 6 8
25 5 27 6 8
24 6 25 6 g
25 6 27 6 6
19 6 20 7 7
20 6 21 7 1
19 7 20 8 6
20 7 21 8 w
21 6 22 7 g
22 6 23 7 w
21 7 22 8 6
22 7 23 8 5
19 8 20 9 8
20 8 21 9 w
19 9 20 11 w
20 9 21 11 3
21 8 22 10 3
22 8 23 10 6
21 10 22 11 B
22 10 23 11 4
23 6 25 7 6
25 6 26 7 g
23 7 25 8 A
25 7 26 8 B
26 6 27 7 A
27 6 27 7 C
26 7 27 8 9
27 7 27 8 A
23 8 24 10 g
24 8 26 10 g
23 10 24 11 7
24 10 26 11 g
26 8 26 10 B
26 8 27 10 C
26 10 26 11 8
26 10 27 11 9
27 0 33 0 g
33 0 40 0 8
27 0 33 0 9
33 0 40 0 7
40 0 43 0 D
43 0 46 0 w
40 0 43 0 g
43 0 46 0 8
27 0 34 0 C
34 0 40 0 7
27 0 34 1 7
34 0 40 1 8
40 0 41 1 g
41 0 46 1 C
40 1 41 1 D
41 1 46 1 7
46 0 46 1 9
46 0 46 1 B
46 1 46 1 D
46 1 46 1 9
46 0 46 0 7
46 0 47 0 g
46 0 46 1 g
46 0 47 1 B
46 1 45 2 7
45 1 46 2 7
46 2 45 1 g
45 2 46 1 8
46 1 47 0 B
47 1 47 0 4
46 0 47 1 A
47 0 47 1 C
27 1 30 2 C
30 1 40 2 5
27 2 30 2 A
30 2 40 2 g
40 1 42 1 9
42 1 46 1 4
40 1 42 2 9
42 1 46 2 6
27 2 36 1 8
36 2 40 1 6
27 1 36 2 9
36 1 40 2 g
40 2 41 2 B
41 2 46 2 C
40 2 41 2 7
41 2 46 2 w
46 1 47 2 g
47 1 47 2 5
46 2 47 1 w
47 2 47 1 8
47 1 47 2 8
47 1 47 2 g
47 2 47 1 g
47 2 47 1 B
46 1 46 1 w
46 1 47 1 C
46 1 46 2 g
46 1 47 2 9
47 1 47 2 C
47 1 47 2 G
47 2 47 2 D
47 2 47 2 g
47 0 48 1 3
48 0 48 1 9
47 1 48 0 g
48 1 48 0 4
48 0 48 -1 g
48 0 49 -1 g
48 -1 48 0 A
48 -1 49 0 B
47 0 48 0 6
48 0 48 0 A
47 0 48 1 9
48 0 48 1 7
48 0 48 0 g
48 0 49 0 7
48 0 48 1 3
48 0 49 1 w
49 0 50 0 9
50 0 50 0 g
49 0 50 1 C
50 0 50 1 E
50 0 49 1 8
49 0 50 1 I
50 1 49 1 w
49 1 50 1 9
49 1 49 2 5
49 1 50 2 g
49 2 49 1 F
49 2 50 1 B
50 1 51 1 3
51 1 50 1 w
50 1 51 1 C
51 1 50 1 B
47 1 48 1 g
48 1 48 1 A
47 1 48 2 9
48 1 48 2 C
48 1 49 1 g
49 1 49 1 g
48 1 49 2 D
49 1 49 2 B
47 2 48 3 A
48 2 48 3 g
47 3 48 2 F
48 3 48 2 g
48 2 48 1 g
48 2 49 1 B
48 1 48 2 A
48 1 49 2 g
49 1 48 1 A
48 1 49 1 A
49 1 48 2 5
48 1 49 2 E
49 1 50 2 8
50 1 50 2 7
49 2 50 2 8
50 2 50 2 7
49 2 50 3 B
50 2 49 3 g
49 3 50 2 A
50 3 49 2 7
49 2 50 2 A
50 2 50 2 g
49 2 50 2 4
50 2 50 2 7
27 2 36 3 g
36 2 43 3 8
27 3 36 6 F
36 3 43 6 1
43 2 44 3 9
44 2 46 3 8
43 3 44 6 g
44 3 46 6 9
27 6 30 6 8
30 6 43 6 7
27 6 30 7 9
30 6 43 7 B
43 6 45 7 9
45 6 46 7 D
43 7 45 7 B
45 7 46 7 8
46 2 47 5 3
47 2 46 5 G
46 5 47 6 8
47 5 46 6 g
46 2 46 4 A
46 2 47 4 8
46 4 46 6 g
46 4 47 6 C
46 6 47 6 5
47 6 46 6 4
46 6 47 7 9
47 6 46 7 g
46 6 46 7 5
46 6 47 7 g
46 7 46 7 A
46 7 47 7 g
27 7 30 8 6
30 7 33 8 8
27 8 30 9 A
30 8 33 9 8
33 7 43 8 A
43 7 46 8 2
33 8 43 9 F
43 8 46 9 4
27 9 31 10 C
31 9 33 10 B
27 10 31 11 A
31 10 33 11 D
33 9 40 10 9
40 9 46 10 B
33 10 40 11 D
40 10 46 11 9
46 7 46 8 D
46 7 46 8 g
46 8 46 8 D
46 8 46 8 7
46 7 47 8 g
47 7 47 8 4
46 8 47 8 4
47 8 47 8 g
46 8 46 9 g
46 8 46 9 9
46 9 46 11 5
46 9 46 11 4
46 8 47 10 4
47 8 47 10 w
46 10 47 11 w
47 10 47 11 4
47 2 48 3 g
48 2 48 3 B
47 3 48 5 g
48 3 48 5 9
48 2 47 3 5
47 2 48 3 8
48 3 47 5 A
47 3 48 5 w
47 5 47 7 F
47 5 48 7 F
47 7 47 9 B
47 7 48 9 w
48 5 47 8 7
47 5 48 8 g
48 8 47 9 g
47 8 48 9 3
48 2 48 4 8
48 2 49 4 5
48 4 48 5 G
48 4 49 5 F
49 2 49 4 8
49 2 50 4 7
49 4 49 5 g
49 4 50 5 B
48 5 48 6 7
48 5 49 6 w
48 6 48 9 C
48 6 49 9 6
49 5 49 8 C
49 5 50 8 6
49 8 49 9 9
49 8 50 9 9
47 9 46 9 6
46 9 47 9 8
47 9 46 10 w
46 9 47 10 B
47 9 48 10 7
48 9 48 10 9
47 10 48 10 7
48 10 48 10 5
47 10 46 10 6
46 10 47 10 5
47 10 46 11 9
46 10 47 11 D
47 10 47 10 5
47 10 48 10 w
47 10 47 11 E
47 10 48 11 A
48 9 49 9 2
49 9 49 9 6
48 9 49 10 A
49 9 49 10 1
49 9 50 10 w
50 9 50 10 E
49 10 50 10 7
50 10 50 10 9
48 10 49 11 C
49 10 49 11 A
48 11 49 11 6
49 11 49 11 B
49 10 49 11 E
49 10 50 11 A
49 11 49 11 A
49 11 50 11 6
9 11 10 11 g
10 11 11 11 3
9 11 10 12 F
10 11 11 12 7
11 11 12 11 1
12 11 12 11 A
11 11 12 12 7
12 11 12 12 g
9 12 10 13 C
10 12 11 13 B
9 13 10 13 C
10 13 11 13 g
11 12 11 12 A
11 12 12 12 g
11 12 11 13 6
11 12 12 13 g
12 11 13 12 C
13 11 13 12 9
12 12 13 12 D
13 12 13 12 2
13 11 13 12 9
13 11 13 12 C
13 12 13 12 w
13 12 13 12 G
12 12 13 12 6
13 12 13 12 9
12 12 13 13 6
13 12 13 13 D
13 12 14 13 B
14 12 13 13 g
13 13 14 13 9
14 13 13 13 4
9 13 9 14 7
9 13 10 14 g
9 14 9 15 7
9 14 10 15 8
10 13 11 14 6
11 13 12 14 g
10 14 11 15 9
11 14 12 15 7
9 15 10 16 F
10 15 10 16 g
9 16 10 16 8
10 16 10 16 A
10 15 11 16 9
11 15 12 16 7
10 16 11 16 8
11 16 12 16 C
12 13 11 14 A
11 13 12 14 5
12 14 11 15 F
11 14 12 15 E
12 13 12 14 7
12 13 13 14 7
12 14 12 15 g
12 14 13 15 C
12 15 13 16 B
13 15 12 16 8
12 16 13 16 A
13 16 12 16 4
12 15 13 16 4
13 15 13 16 G
12 16 13 16 B
13 16 13 16 E
13 11 14 11 3
14 11 13 11 g
13 11 14 12 C
14 11 13 12 E
13 11 13 12 g
13 11 14 12 g
13 12 13 12 7
13 12 14 12 7
13 12 14 13 9
14 12 13 13 B
13 13 14 13 9
14 13 13 13 B
13 12 13 12 7
13 12 14 12 D
13 12 13 13 C
13 12 14 13 A
14 11 25 12 5
25 11 26 12 5
14 12 25 12 7
25 12 26 12 g
26 11 27 11 C
27 11 27 11 4
26 11 27 12 w
27 11 27 12 B
14 12 24 12 C
24 12 26 12 w
14 12 24 13 I
24 12 26 13 8
26 12 26 12 7
26 12 27 12 8
26 12 26 13 9
26 12 27 13 8
13 13 12 14 B
12 13 13 14 D
13 14 12 15 D
12 14 13 15 1
13 13 13 14 w
13 13 14 14 w
13 14 13 15 6
13 14 14 15 g
13 15 13 15 g
13 15 13 15 9
13 15 13 16 B
13 15 13 16 A
13 15 14 15 g
14 15 14 15 A
13 15 14 16 w
14 15 14 16 E
14 13 16 13 g
16 13 18 13 8
14 13 16 14 7
16 13 18 14 2
18 13 26 13 w
26 13 27 13 8
18 13 26 14 g
26 13 27 14 8
14 14 16 15 8
16 14 18 15 g
14 15 16 16 6
16 15 18 16 g
18 14 26 15 7
26 14 27 15 g
18 15 26 16 4
26 15 27 16 7
9 16 8 20 8
8 16 9 20 9
9 20 8 21 g
8 20 9 21 B
9 16 10 20 9
10 16 10 20 7
9 20 10 21 8
10 20 10 21 9
9 21 10 21 B
10 21 9 21 g
9 21 10 22 6
10 21 9 22 A
9 21 10 22 g
10 21 10 22 7
9 22 10 22 6
10 22 10 22 A
10 16 11 17 B
11 16 11 17 g
10 17 11 19 8
11 17 11 19 7
11 16 12 18 7
12 16 13 18 7
11 18 12 19 9
12 18 13 19 g
10 19 10 20 6
10 19 11 20 g
10 20 10 22 8
10 20 11 22 7
11 19 12 21 B
12 19 13 21 B
11 21 12 22 D
12 21 13 22 g
9 22 9 23 g
9 22 9 23 7
9 23 9 24 G
9 23 9 24 6
9 22 9 23 A
9 22 10 23 C
9 23 9 24 A
9 23 10 24 5
9 24 10 24 2
10 24 9 24 C
9 24 10 25 g
10 24 9 25 w
9 24 9 24 A
9 24 10 24 4
9 24 9 25 B
9 24 10 25 w
10 22 10 23 g
10 22 11 23 6
10 23 10 24 w
10 23 11 24 8
11 22 12 23 4
12 22 13 23 7
11 23 12 24 g
12 23 13 24 g
10 24 11 25 6
11 24 11 25 8
10 25 11 25 g
11 25 11 25 8
11 24 12 24 4
12 24 13 24 6
11 24 12 25 B
12 24 13 25 F
13 16 13 16 g
13 16 13 16 C
13 16 13 17 A
13 16 13 17 B
13 16 14 17 g
14 16 14 17 B
13 17 14 17 A
14 17 14 17 A
13 17 12 18 w
12 17 13 18 g
13 18 12 19 g
12 18 13 19 5
13 17 13 18 7
13 17 14 18 A
13 18 13 19 w
13 18 14 19 8
14 16 20 17 8
20 16 21 17 9
14 17 20 18 9
20 17 21 18 B
21 16 22 17 9
22 16 27 17 5
21 17 22 18 g
22 17 27 18 7
14 18 18 19 C
18 18 21 19 B
14 19 18 19 5
18 19 21 19 g
21 18 25 18 8
25 18 27 18 4
21 18 25 19 8
25 18 27 19 w
13 19 14 20 C
14 19 14 20 3
13 20 14 22 3
14 20 14 22 B
14 19 13 21 g
13 19 14 21 3
14 21 13 22 9
13 21 14 22 3
13 22 13 23 7
13 22 14 23 B
13 23 13 25 C
13 23 14 25 A
14 22 15 23 C
15 22 14 23 w
14 23 15 25 A
15 23 14 25 6
14 19 22 21 6
22 19 24 21 g
14 21 22 24 1
22 21 24 24 6
24 19 26 21 g
26 19 27 21 w
24 21 26 24 g
26 21 27 24 w
14 24 16 25 9
16 24 24 25 B
14 25 16 25 6
16 25 24 25 7
24 24 25 25 B
25 24 27 25 A
24 25 25 25 F
25 25 27 25 6
27 11 33 12 5
33 11 37 12 w
27 12 33 12 D
33 12 37 12 7
37 11 38 12 g
38 11 39 12 C
37 12 38 12 9
38 12 39 12 B
27 12 30 12 6
30 12 37 12 8
27 12 30 13 8
30 12 37 13 B
37 12 38 12 w
38 12 39 12 w
37 12 38 13 2
38 12 39 13 5
39 11 39 11 4
39 11 39 11 g
39 11 39 12 5
39 11 39 12 A
39 11 39 12 g
39 11 40 12 C
39 12 39 12 C
39 12 40 12 A
39 12 40 12 F
40 12 39 12 w
39 12 40 13 8
40 12 39 13 A
39 12 40 13 g
40 12 40 13 5
39 13 40 13 1
40 13 40 13 9
27 13 27 14 5
27 13 28 14 A
27 14 27 15 g
27 14 28 15 H
28 13 36 14 g
36 13 39 14 D
28 14 36 15 g
36 14 39 15 I
27 15 27 16 9
27 15 28 16 w
27 16 27 18 A
27 16 28 18 B
28 15 29 16 C
29 15 39 16 A
28 16 29 18 w
29 16 39 18 A
39 13 39 14 B
39 13 39 14 g
39 14 39 17 w
39 14 39 17 A
39 13 40 16 E
40 13 40 16 8
39 16 40 17 B
40 16 40 17 g
39 17 40 17 E
40 17 39 17 7
39 17 40 18 6
40 17 39 18 D
39 17 39 18 C
39 17 40 18 A
39 18 39 18 D
39 18 40 18 B
40 11 41 13 D
41 11 42 13 8
40 13 41 14 g
41 13 42 14 7
42 11 43 13 7
43 11 47 13 9
42 13 43 14 A
43 13 47 14 8
40 14 41 15 8
41 14 42 15 C
40 15 41 16 B
41 15 42 16 B
42 14 45 15 g
45 14 47 15 g
42 15 45 16 D
45 15 47 16 w
47 11 48 14 C
48 11 49 14 C
47 14 48 15 F
48 14 49 15 A
49 11 49 13 D
49 11 50 13 B
49 13 49 15 g
49 13 50 15 C
47 15 48 15 4
48 15 49 15 8
47 15 48 16 B
48 15 49 16 5
49 15 50 15 A
50 15 50 15 D
49 15 50 16 9
50 15 50 16 2
40 16 41 16 3
41 16 42 16 A
40 16 41 17 5
41 16 42 17 7
42 16 46 16 A
46 16 47 16 B
42 16 46 17 7
46 16 47 17 5
40 17 41 18 A
41 17 42 18 g
40 18 41 18 C
41 18 42 18 B
42 17 43 18 B
43 17 47 18 B
42 18 43 18 6
43 18 47 18 w
47 16 48 16 7
48 16 49 16 g
47 16 48 17 7
48 16 49 17 E
49 16 50 16 8
50 16 50 16 g
49 16 50 17 g
50 16 50 17 w
47 17 48 17 C
48 17 49 17 g
47 17 48 18 B
48 17 49 18 9
49 17 49 17 8
49 17 50 17 C
49 17 49 18 A
49 17 50 18 5
27 18 28 18 g
28 18 28 18 D
27 18 28 19 8
28 18 28 19 g
28 18 29 18 C
29 18 31 18 F
28 18 29 19 g
29 18 31 19 8
27 19 28 20 D
28 19 28 20 A
27 20 28 21 E
28 20 28 21 D
28 19 29 20 8
29 19 31 20 g
28 20 29 21 w
29 20 31 21 5
31 18 33 19 B
33 18 37 19 C
31 19 33 19 2
33 19 37 19 8
37 18 39 18 g
39 18 40 18 8
37 18 39 19 6
39 18 40 19 6
31 19 34 20 A
34 19 37 20 g
31 20 34 21 8
34 20 37 21 8
37 19 39 20 E
39 19 40 20 w
37 20 39 21 g
39 20 40 21 3
27 21 28 21 3
28 21 29 21 g
27 21 28 22 C
28 21 29 22 g
29 21 30 21 E
30 21 31 21 5
29 21 30 22 9
30 21 31 22 9
27 22 28 24 2
28 22 29 24 A
27 24 28 25 g
28 24 29 25 B
29 22 30 23 7
30 22 31 23 7
29 23 30 25 A
30 23 31 25 g
31 21 32 21 g
32 21 34 21 6
31 21 32 22 4
32 21 34 22 2
34 21 38 22 9
38 21 40 22 9
34 22 38 22 g
38 22 40 22 5
31 22 33 24 C
33 22 34 24 9
31 24 33 25 g
33 24 34 25 B
34 22 36 23 C
36 22 40 23 5
34 23 36 25 H
36 23 40 25 8
40 18 41 20 G
41 18 43 20 8
40 20 41 22 8
41 20 43 22 A
43 18 44 21 7
44 18 45 21 g
43 21 44 22 E
44 21 45 22 A
40 22 42 23 9
42 22 43 23 B
40 23 42 23 B
42 23 43 23 g
43 22 44 22 7
44 22 45 22 g
43 22 44 23 8
44 22 45 23 8
45 18 46 20 9
46 18 48 20 5
45 20 46 21 w
46 20 48 21 g
48 18 49 20 6
49 18 50 20 B
48 20 49 21 A
49 20 50 21 7
45 21 46 22 3
46 21 48 22 4
45 22 46 23 9
46 22 48 23 w
48 21 49 22 9
49 21 50 22 8
48 22 49 23 g
49 22 50 23 C
40 23 41 23 3
41 23 41 23 g
40 23 41 24 5
41 23 41 24 B
41 23 43 24 7
43 23 45 24 C
41 24 43 24 9
43 24 45 24 g
40 24 40 25 B
40 24 41 25 7
40 25 40 25 7
40 25 41 25 5
41 24 44 25 8
44 24 45 25 D
41 25 44 25 E
44 25 45 25 5
45 23 47 24 C
47 23 49 24 B
45 24 47 24 B
47 24 49 24 w
49 23 50 23 g
50 23 50 23 A
49 23 50 24 7
50 23 50 24 g
45 24 47 24 C
47 24 49 24 9
45 24 47 25 6
47 24 49 25 w
49 24 49 25 8
49 24 50 25 9
49 25 49 25 G
49 25 50 25 6
0 25 -1 25 C
-1 25 0 25 C
0 25 -1 26 g
-1 25 0 26 E
0 25 0 25 A
0 25 1 25 w
0 25 0 26 7
0 25 1 26 B
0 26 0 26 g
0 26 0 26 4
0 26 0 25 D
0 26 0 25 g
0 26 0 24 E
0 26 1 24 8
0 24 0 25 B
0 24 1 25 B
1 25 1 25 2
1 25 1 25 A
1 25 1 24 g
1 25 1 24 8
1 25 2 23 8
2 25 2 23 B
1 23 2 24 9
2 23 2 24 I
1 24 1 24 E
1 24 1 24 D
1 24 1 25 A
1 24 1 25 w
1 24 1 25 B
1 24 2 25 D
1 25 1 25 8
1 25 2 25 g
0 25 1 25 C
1 25 1 25 D
0 25 1 25 5
1 25 1 25 6
1 25 1 24 5
1 25 1 24 B
1 24 1 25 4
1 24 1 25 A
0 25 0 26 A
0 25 1 26 C
0 26 0 26 5
0 26 1 26 9
1 25 2 25 g
2 25 1 25 8
1 25 2 26 6
2 25 1 26 B
1 25 2 25 A
2 25 1 25 w
1 25 2 25 w
2 25 1 25 6
1 25 1 26 C
1 25 2 26 A
1 26 1 25 7
1 26 2 25 g
1 25 1 26 8
1 25 1 26 g
1 26 1 26 9
1 26 1 26 7
1 25 2 25 B
2 25 2 25 8
1 25 2 26 A
2 25 2 26 w
2 25 3 25 8
3 25 3 25 5
2 25 3 26 9
3 25 3 26 B
3 25 4 26 G
4 25 3 26 8
3 26 4 26 B
4 26 3 26 2
2 26 3 27 5
3 26 3 27 5
2 27 3 25 2
3 27 3 25 9
3 26 4 24 A
4 26 3 24 6
3 24 4 25 C
4 24 3 25 C
3 25 4 26 9
4 25 4 26 6
3 26 4 25 B
4 26 4 25 g
4 25 3 24 4
3 25 4 24 g
4 24 3 25 g
3 24 4 25 A
3 25 3 25 6
3 25 4 25 9
3 25 3 25 E
3 25 4 25 G
4 25 4 25 8
4 25 4 25 2
4 25 4 25 8
4 25 4 25 D
2 25 3 25 5
3 25 2 25 3
2 25 3 26 6
3 25 2 26 8
2 25 2 26 A
2 25 3 26 g
2 26 2 26 6
2 26 3 26 A
2 26 1 27 9
1 26 2 27 9
2 27 1 26 4
1 27 2 26 G
2 26 2 25 E
2 26 3 25 3
2 25 2 26 g
2 25 3 26 C
3 25 3 25 B
3 25 3 25 6
3 25 3 26 5
3 25 3 26 6
3 25 4 26 1
4 25 4 26 B
3 26 4 26 E
4 26 4 26 E
3 26 4 27 A
4 26 3 27 C
3 27 4 26 E
4 27 3 26 g
3 26 4 25 6
4 26 4 25 B
3 25 4 26 8
4 25 4 26 C
0 26 1 27 g
1 26 1 27 w
0 27 1 28 3
1 27 1 28 8
1 26 1 27 9
1 26 1 27 7
1 27 1 28 9
1 27 1 28 8
0 28 1 29 3
1 28 1 29 D
0 29 1 30 7
1 29 1 30 2
1 28 2 29 8
2 28 1 29 g
1 29 2 30 I
2 29 1 30 g
1 26 1 27 5
1 26 1 27 A
1 27 1 27 E
1 27 1 27 g
1 26 1 27 B
1 26 2 27 9
1 27 1 27 7
1 27 2 27 6
1 27 2 28 6
2 27 1 28 g
1 28 2 30 B
2 28 1 30 2
1 27 1 29 C
1 27 2 29 g
1 29 1 30 7
1 29 2 30 D
0 30 1 32 9
1 30 1 32 g
0 32 1 34 C
1 32 1 34 F
1 30 0 31 g
0 30 1 31 7
1 31 0 34 g
0 31 1 34 D
0 34 0 34 A
0 34 1 34 5
0 34 0 35 7
0 34 1 35 8
1 34 2 34 9
2 34 1 34 6
1 34 2 35 C
2 34 1 35 9
1 30 1 30 F
1 30 1 30 A
1 30 1 31 A
1 30 1 31 g
1 30 2 31 A
2 30 2 31 5
1 31 2 31 7
2 31 2 31 7
1 31 0 34 9
0 31 1 34 D
1 34 0 35 9
0 34 1 35 g
1 31 2 33 C
2 31 2 33 D
1 33 2 35 7
2 33 2 35 8
2 26 3 27 g
3 26 3 27 9
2 27 3 29 H
3 27 3 29 g
3 26 3 28 g
3 26 3 28 D
3 28 3 29 g
3 28 3 29 E
2 29 2 30 A
2 29 3 30 9
2 30 2 31 D
2 30 3 31 A
3 29 4 30 7
4 29 3 30 3
3 30 4 31 C
4 30 3 31 B
3 26 4 26 F
4 26 3 26 7
3 26 4 27 A
4 26 3 27 g
3 26 3 26 6
3 26 4 26 g
3 26 3 27 7
3 26 4 27 6
3 27 4 28 g
4 27 3 28 g
3 28 4 31 g
4 28 3 31 g
3 27 3 28 C
3 27 4 28 9
3 28 3 31 g
3 28 4 31 A
2 31 2 32 D
2 31 3 32 9
2 32 2 32 g
2 32 3 32 A
3 31 2 32 6
2 31 3 32 A
3 32 2 32 g
2 32 3 32 9
2 32 2 33 5
2 32 3 33 9
2 33 2 35 w
2 33 3 35 E
3 32 3 34 g
3 32 3 34 w
3 34 3 35 A
3 34 3 35 7
3 31 4 31 7
4 31 4 31 6
3 31 4 32 9
4 31 4 32 g
4 31 5 32 5
5 31 4 32 g
4 32 5 32 3
5 32 4 32 D
3 32 3 34 B
3 32 4 34 7
3 34 3 35 8
3 34 4 35 2
4 32 4 33 w
4 32 4 33 3
4 33 4 35 g
4 33 4 35 8
4 25 4 26 5
4 25 4 26 8
4 26 4 26 F
4 26 4 26 g
4 25 5 26 6
5 25 4 26 C
4 26 5 26 5
5 26 4 26 8
4 26 4 27 A
4 26 4 27 7
4 27 4 26 w
4 27 4 26 6
4 26 3 26 C
3 26 4 26 B
4 26 3 26 g
3 26 4 26 8
4 25 5 26 g
5 25 5 26 B
4 26 5 25 8
5 26 5 25 9
5 25 4 25 C
4 25 5 25 A
5 25 4 25 5
4 25 5 25 6
4 25 4 25 B
4 25 5 25 B
4 25 4 26 g
4 25 5 26 5
5 25 6 26 H
6 25 5 26 B
5 26 6 26 C
6 26 5 26 g
4 26 4 25 D
4 26 5 25 C
4 25 4 26 E
4 25 5 26 g
5 26 4 27 1
4 26 4 27 g
5 27 4 26 A
4 27 4 26 g
4 26 5 27 5
5 26 5 27 8
4 27 5 27 A
5 27 5 27 B
5 26 3 26 B
3 26 4 26 9
5 26 3 27 7
3 26 4 27 9
4 26 4 26 g
4 26 5 26 4
4 26 4 27 B
4 26 5 27 5
5 26 4 27 7
4 26 5 27 A
5 27 4 27 B
4 27 5 27 E
4 27 5 26 C
5 27 5 26 g
4 26 5 27 C
5 26 5 27 2
5 27 5 26 D
5 27 5 26 2
5 26 5 27 D
5 26 5 27 5
5 25 5 26 8
5 25 5 26 D
5 26 5 25 F
5 26 5 25 9
5 25 6 25 9
6 25 6 25 9
5 25 6 25 A
6 25 6 25 4
5 25 5 26 w
5 25 5 26 A
5 26 5 26 8
5 26 5 26 A
5 25 5 26 G
5 25 6 26 g
5 26 5 26 B
5 26 6 26 5
6 25 7 25 B
7 25 8 25 g
6 25 7 26 8
7 25 8 26 7
8 25 8 26 B
8 25 9 26 7
8 26 8 26 8
8 26 9 26 g
6 26 7 26 g
7 26 8 26 g
6 26 7 26 w
7 26 8 26 7
8 26 9 27 7
9 26 9 27 6
8 27 9 26 7
9 27 9 26 D
5 26 5 27 9
5 26 5 27 w
5 27 5 27 8
5 27 5 27 F
5 26 5 27 9
5 26 6 27 g
5 27 5 27 D
5 27 6 27 A
5 27 5 27 A
5 27 5 27 B
5 27 5 27 g
5 27 5 27 8
5 27 6 27 g
6 27 6 27 D
5 27 6 27 C
6 27 6 27 8
6 26 6 26 5
6 26 7 26 A
6 26 6 27 4
6 26 7 27 A
7 26 8 26 9
8 26 9 26 2
7 26 8 27 5
8 26 9 27 7
6 27 7 27 C
7 27 7 27 g
6 27 7 27 A
7 27 7 27 5
7 27 8 28 g
8 27 9 28 g
7 28 8 27 5
8 28 9 27 8
4 27 3 27 B
3 27 3 27 g
4 27 3 28 A
3 27 3 28 A
3 27 4 28 9
4 27 4 28 w
3 28 4 28 5
4 28 4 28 B
4 28 3 29 g
3 28 3 29 5
4 29 3 31 D
3 29 3 31 g
3 28 3 30 E
3 28 4 30 9
3 30 3 31 E
3 30 4 31 7
4 27 5 27 B
5 27 4 27 g
4 27 5 28 8
5 27 4 28 C
4 27 5 28 6
5 27 5 28 4
4 28 5 28 g
5 28 5 28 g
4 28 5 29 6
5 28 4 29 8
4 29 5 31 B
5 29 4 31 7
4 28 5 30 D
5 28 5 30 9
4 30 5 31 g
5 30 5 31 w
4 31 4 32 g
4 31 3 32 5
4 32 4 32 B
4 32 3 32 3
3 31 3 32 g
3 31 4 32 g
3 32 3 32 D
3 32 4 32 F
4 32 3 34 7
3 32 3 34 C
4 34 3 35 g
3 34 3 35 8
3 32 4 33 4
4 32 4 33 A
3 33 4 35 3
4 33 4 35 E
4 31 4 32 8
4 31 4 32 7
4 32 4 33 g
4 32 4 33 B
4 31 5 32 g
5 31 5 32 g
4 32 5 33 g
5 32 5 33 6
4 33 4 34 C
4 33 4 34 9
4 34 4 35 8
4 34 4 35 B
4 33 5 34 6
5 33 5 34 1
4 34 5 35 A
5 34 5 35 A
5 27 5 28 7
5 27 5 28 g
5 28 5 28 w
5 28 5 28 D
5 27 5 27 g
5 27 6 27 6
5 27 5 28 E
5 27 6 28 D
5 28 6 30 6
6 28 5 30 g
5 30 6 34 B
6 30 5 34 3
5 28 5 33 g
5 28 6 33 B
5 33 5 34 8
5 33 6 34 g
6 27 7 28 8
7 27 7 28 2
6 28 7 33 I
7 28 7 33 B
7 27 8 29 A
8 27 9 29 7
7 29 8 33 A
8 29 9 33 9
6 33 6 33 5
6 33 7 33 7
6 33 6 34 9
6 33 7 34 9
7 33 8 34 w
8 33 9 34 9
7 34 8 34 B
8 34 9 34 F
5 34 5 33 9
5 34 6 33 7
5 33 5 34 C
5 33 6 34 G
6 34 5 35 w
5 34 6 35 C
6 35 5 34 9
5 35 6 34 D
5 34 5 34 8
5 34 6 34 8
5 34 5 35 g
5 34 6 35 B
6 34 5 35 5
5 34 6 35 D
6 35 5 35 6
5 35 6 35 D
6 34 7 34 8
7 34 8 34 7
6 34 7 34 8
7 34 8 34 C
8 34 9 34 5
9 34 9 34 D
8 34 9 34 w
9 34 9 34 C
6 34 7 34 9
7 34 8 34 8
6 34 7 35 9
7 34 8 35 g
8 34 9 35 9
9 34 9 35 5
8 35 9 35 2
9 35 9 35 B
0 35 0 36 8
0 35 0 36 8
0 36 0 38 9
0 36 0 38 g
0 35 1 37 A
1 35 1 37 7
0 37 1 38 7
1 37 1 38 D
0 38 0 44 A
0 38 0 44 7
0 44 0 45 E
0 44 0 45 5
0 38 0 39 8
0 38 1 39 w
0 39 0 45 g
0 39 1 45 8
1 35 2 37 D
2 35 1 37 9
1 37 2 40 g
2 37 1 40 w
1 35 2 38 3
2 35 2 38 D
1 38 2 40 G
2 38 2 40 B
1 40 0 43 A
0 40 1 43 7
1 43 0 45 9
0 43 1 45 D
1 40 2 44 G
2 40 2 44 w
1 44 2 45 A
2 44 2 45 7
0 45 0 46 C
0 45 1 46 B
0 46 0 45 9
0 46 1 45 A
1 45 1 46 B
1 45 1 46 7
1 46 1 45 g
1 46 1 45 g
0 45 1 46 g
1 45 1 46 4
0 46 1 46 B
1 46 1 46 g
1 45 1 45 A
1 45 1 45 D
1 45 1 46 C
1 45 1 46 6
1 45 1 46 5
1 45 2 46 6
1 46 1 46 3
1 46 2 46 G
2 45 1 46 w
1 45 2 46 D
2 46 1 46 9
1 46 2 46 B
1 46 2 46 D
2 46 2 46 9
1 46 2 46 w
2 46 2 46 9
2 46 3 47 C
3 46 2 47 6
2 47 3 46 6
3 47 2 46 D
2 35 3 36 C
3 35 3 36 8
2 36 3 37 A
3 36 3 37 C
3 35 3 36 9
3 35 3 36 8
3 36 3 37 A
3 36 3 37 8
2 37 3 39 7
3 37 3 39 G
2 39 3 41 5
3 39 3 41 g
3 37 2 39 D
2 37 3 39 8
3 39 2 41 g
2 39 3 41 F
3 35 4 36 6
4 35 4 36 A
3 36 4 39 D
4 36 4 39 7
4 35 4 36 D
4 35 4 36 g
4 36 4 39 5
4 36 4 39 g
3 39 4 40 1
4 39 4 40 C
3 40 4 41 9
4 40 4 41 g
4 39 3 40 g
3 39 4 40 6
4 40 3 41 7
3 40 4 41 g
2 41 2 42 4
2 41 3 42 C
2 42 2 43 g
2 42 3 43 C
3 41 4 42 G
4 41 3 42 g
3 42 4 43 w
4 42 3 43 9
2 43 2 44 A
2 43 3 44 D
2 44 2 46 C
2 44 3 46 A
3 43 4 44 7
4 43 3 44 G
3 44 4 46 g
4 44 3 46 6
3 41 3 42 D
3 41 4 42 g
3 42 3 43 7
3 42 4 43 6
4 41 3 42 D
3 41 4 42 C
4 42 3 43 g
3 42 4 43 A
3 43 3 44 D
3 43 4 44 8
3 44 3 46 g
3 44 4 46 g
4 43 3 44 5
3 43 4 44 4
4 44 3 46 E
3 44 4 46 7
0 46 0 46 5
0 46 0 46 g
0 46 0 47 8
0 46 0 47 F
0 46 0 47 4
0 46 1 47 g
0 47 0 47 5
0 47 1 47 A
0 47 1 48 4
1 47 0 48 9
0 48 1 49 A
1 48 0 49 7
0 47 0 48 A
0 47 1 48 D
0 48 0 49 A
0 48 1 49 6
1 46 1 46 A
1 46 2 46 9
1 46 1 47 A
1 46 2 47 3
2 46 3 47 g
3 46 2 47 9
2 47 3 47 w
3 47 2 47 E
1 47 2 48 2
2 47 2 48 8
1 48 2 49 g
2 48 2 49 8
2 47 1 48 A
1 47 2 48 C
2 48 1 49 2
1 48 2 49 g
0 49 0 50 9
0 49 1 50 B
0 50 0 50 7
0 50 1 50 9
1 49 1 49 B
1 49 1 49 5
1 49 1 50 4
1 49 1 50 6
0 50 0 49 g
0 50 1 49 w
0 49 0 50 4
0 49 1 50 4
1 50 1 51 8
1 50 1 51 g
1 51 1 50 4
1 51 1 50 6
1 49 1 50 9
1 49 2 50 F
1 50 1 49 8
1 50 2 49 A
2 49 2 49 D
2 49 2 49 I
2 49 2 49 g
2 49 2 49 B
1 49 2 49 g
2 49 2 49 g
1 49 2 50 F
2 49 2 50 6
2 49 1 50 6
1 49 2 50 B
2 50 1 50 9
1 50 2 50 B
2 46 2 47 3
2 46 2 47 B
2 47 2 47 A
2 47 2 47 B
2 46 2 47 5
2 46 3 47 F
2 47 2 47 A
2 47 3 47 D
2 47 1 47 g
1 47 2 47 g
2 47 1 48 A
1 47 2 48 9
2 47 3 47 B
3 47 3 47 g
2 47 3 48 I
3 47 3 48 8
3 46 3 47 E
3 46 3 47 g
3 47 3 47 w
3 47 3 47 w
3 46 4 47 9
4 46 4 47 C
3 47 4 47 E
4 47 4 47 E
3 47 4 48 w
4 47 3 48 A
3 48 4 48 9
4 48 3 48 B
3 47 3 48 F
3 47 4 48 g
3 48 3 48 7
3 48 4 48 g
2 48 3 48 g
3 48 3 48 9
2 48 3 49 4
3 48 3 49 g
3 48 2 49 8
2 48 3 49 7
3 49 2 49 I
2 49 3 49 3
2 49 2 49 7
2 49 3 49 w
2 49 2 50 A
2 49 3 50 g
3 49 2 50 C
2 49 3 50 A
3 50 2 50 g
2 50 3 50 w
3 48 4 49 A
4 48 4 49 9
3 49 4 49 A
4 49 4 49 7
4 48 4 48 C
4 48 4 48 A
4 48 4 49 7
4 48 4 49 5
3 49 3 49 A
3 49 4 49 6
3 49 3 50 B
3 49 4 50 A
4 49 5 49 4
5 49 4 49 H
4 49 5 50 8
5 49 4 50 7
4 35 4 35 A
4 35 5 35 8
4 35 4 36 g
4 35 5 36 g
5 35 4 36 9
4 35 5 36 8
5 36 4 36 3
4 36 5 36 D
4 36 4 36 8
4 36 5 36 A
4 36 4 37 6
4 36 5 37 C
5 36 5 37 A
5 36 5 37 7
5 37 5 37 B
5 37 5 37 g
5 35 5 35 9
5 35 6 35 1
5 35 5 36 5
5 35 6 36 g
6 35 7 36 A
7 35 6 36 C
6 36 7 36 B
7 36 6 36 B
5 36 6 37 A
6 36 6 37 8
5 37 6 37 4
6 37 6 37 9
6 36 7 36 g
7 36 6 36 2
6 36 7 37 D
7 36 6 37 w
4 37 3 39 5
3 37 4 39 E
4 39 3 41 7
3 39 4 41 I
4 37 5 40 F
5 37 5 40 B
4 40 5 41 g
5 40 5 41 6
4 41 4 46 A
4 41 4 46 8
4 46 4 48 A
4 46 4 48 g
4 41 5 42 g
5 41 5 42 6
4 42 5 48 6
5 42 5 48 8
5 37 6 39 8
6 37 6 39 A
5 39 6 41 9
6 39 6 41 w
6 37 6 40 D
6 37 6 40 8
6 40 6 41 C
6 40 6 41 g
5 41 6 45 g
6 41 6 45 9
5 45 6 48 7
6 45 6 48 9
6 41 6 45 F
6 41 6 45 5
6 45 6 48 A
6 45 6 48 w
6 35 6 36 8
6 35 6 36 8
6 36 6 36 1
6 36 6 36 g
6 35 6 36 g
6 35 7 36 g
6 36 6 36 g
6 36 7 36 B
6 36 6 37 5
6 36 6 37 4
6 37 6 37 4
6 37 6 37 7
6 36 6 36 9
6 36 7 36 9
6 36 6 37 g
6 36 7 37 E
7 35 7 36 E
7 35 8 36 5
7 36 7 36 g
7 36 8 36 A
8 35 9 35 B
9 35 9 35 g
8 35 9 36 w
9 35 9 36 9
7 36 7 37 A
7 36 8 37 7
7 37 7 37 4
7 37 8 37 C
8 36 8 36 8
8 36 9 36 w
8 36 8 37 C
8 36 9 37 6
6 37 6 41 4
6 37 7 41 D
6 41 6 47 6
6 41 7 47 6
7 37 7 38 g
7 37 7 38 9
7 38 7 47 C
7 38 7 47 g
6 47 7 48 D
7 47 7 48 g
6 48 7 48 8
7 48 7 48 B
7 47 8 47 8
8 47 7 47 8
7 47 8 48 g
8 47 7 48 D
7 37 8 38 g
8 37 8 38 g
7 38 8 39 7
8 38 8 39 9
8 37 8 38 E
8 37 9 38 C
8 38 8 39 E
8 38 9 39 5
7 39 8 44 g
8 39 8 44 g
7 44 8 48 7
8 44 8 48 g
8 39 9 40 8
9 39 9 40 B
8 40 9 48 8
9 40 9 48 A
4 48 4 48 D
4 48 4 48 g
4 48 4 49 9
4 48 4 49 7
4 48 5 49 B
5 48 5 49 6
4 49 5 49 D
5 49 5 49 g
4 49 4 49 4
4 49 4 49 7
4 49 4 49 4
4 49 4 49 C
4 49 5 50 B
5 49 5 50 7
4 50 5 49 D
5 50 5 49 C
5 48 5 48 g
5 48 5 48 A
5 48 5 49 9
5 48 5 49 g
5 48 6 48 A
6 48 6 48 A
5 48 6 49 B
6 48 6 49 A
5 49 6 48 B
6 49 5 48 C
5 48 6 49 w
6 48 5 49 9
5 49 6 50 7
6 49 6 50 5
5 50 6 49 3
6 50 6 49 4
4 49 3 48 A
3 49 4 48 A
4 48 3 49 g
3 48 4 49 8
4 49 4 49 G
4 49 5 49 H
4 49 4 49 2
4 49 5 49 3
4 49 4 49 C
4 49 4 49 9
4 49 4 50 4
4 49 4 50 C
4 49 5 50 g
5 49 5 50 g
4 50 5 50 g
5 50 5 50 5
5 49 6 48 B
6 49 6 48 A
5 48 6 49 8
6 48 6 49 g
6 49 6 48 A
6 49 6 48 A
6 48 6 49 3
6 48 6 49 5
5 49 5 50 6
5 49 6 50 C
5 50 5 50 g
5 50 6 50 E
6 49 7 50 5
7 49 6 50 F
6 50 7 50 B
7 50 6 50 g
6 48 7 47 A
7 48 7 47 B
6 47 7 48 g
7 47 7 48 A
7 48 7 49 w
7 48 7 49 w
7 49 7 48 9
7 49 7 48 9
6 48 6 49 F
6 48 7 49 g
6 49 6 49 8
6 49 7 49 C
7 48 6 48 7
6 48 7 48 7
7 48 6 49 w
6 48 7 49 w
7 48 8 49 4
8 48 8 49 9
7 49 8 49 7
8 49 8 49 A
8 48 9 49 C
9 48 9 49 9
8 49 9 49 9
9 49 9 49 9
7 49 8 49 B
8 49 8 49 A
7 49 8 49 A
8 49 8 49 A
8 49 8 50 g
8 49 9 50 9
8 50 8 49 9
8 50 9 49 A
6 49 6 49 B
6 49 7 49 5
6 49 6 49 F
6 49 7 49 8
7 49 8 49 C
8 49 7 49 7
7 49 8 49 9
8 49 7 49 g
6 49 7 49 7
7 49 7 49 g
6 49 7 50 8
7 49 7 50 E
7 49 8 50 A
8 49 7 50 g
7 50 8 50 g
8 50 7 50 B
7 49 7 50 7
7 49 8 50 A
7 50 7 49 A
7 50 8 49 w
8 49 9 49 7
9 49 9 49 B
8 49 9 49 8
9 49 9 49 8
7 49 7 50 6
7 49 8 50 8
7 50 7 50 w
7 50 8 50 7
8 49 8 50 6
8 49 9 50 C
8 50 8 50 w
8 50 9 50 8
9 25 10 26 4
10 25 19 26 B
9 26 10 26 6
10 26 19 26 g
19 25 20 26 g
20 25 20 26 H
19 26 20 26 9
20 26 20 26 6
9 26 10 27 1
10 26 19 27 g
9 27 10 28 A
10 27 19 28 9
19 26 19 27 4
19 26 20 27 9
19 27 19 28 8
19 27 20 28 D
20 25 21 26 5
21 25 20 26 g
20 26 21 26 9
21 26 20 26 4
20 25 21 26 8
21 25 21 26 B
20 26 21 26 A
21 26 21 26 7
20 26 19 27 C
19 26 20 27 6
20 27 19 28 3
19 27 20 28 A
20 26 20 27 D
20 26 21 27 g
20 27 20 28 w
20 27 21 28 7
9 28 11 28 8
11 28 14 28 g
9 28 11 29 3
11 28 14 29 8
14 28 16 29 5
16 28 20 29 B
14 29 16 29 9
16 29 20 29 g
9 29 10 30 9
10 29 14 30 A
9 30 10 30 5
10 30 14 30 g
14 29 15 30 g
15 29 20 30 g
14 30 15 30 7
15 30 20 30 7
20 28 21 29 3
21 28 21 29 D
20 29 21 29 H
21 29 21 29 D
21 28 22 29 g
22 28 21 29 C
21 29 22 29 w
22 29 21 29 7
20 29 21 30 1
21 29 21 30 9
20 30 21 30 6
21 30 21 30 g
21 29 21 30 D
21 29 21 30 9
21 30 21 30 6
21 30 21 30 w
21 25 22 25 C
22 25 23 25 6
21 25 22 25 w
22 25 23 25 g
23 25 24 24 B
24 25 26 24 H
23 24 24 25 A
24 24 26 25 g
21 25 22 25 B
22 25 23 25 g
21 25 22 26 6
22 25 23 26 g
23 25 24 25 3
24 25 26 25 A
23 25 24 26 9
24 25 26 26 B
26 25 27 25 g
27 25 28 25 7
26 25 27 26 g
27 25 28 26 6
28 25 29 26 5
29 25 30 26 3
28 26 29 26 4
29 26 30 26 g
26 26 27 27 7
27 26 28 27 D
26 27 27 26 9
27 27 28 26 6
28 26 29 27 9
29 26 30 27 g
28 27 29 26 5
29 27 30 26 g
21 26 21 27 D
21 26 22 27 g
21 27 21 27 B
21 27 22 27 6
22 26 25 26 B
25 26 26 26 A
22 26 25 27 8
25 26 26 27 A
21 27 21 29 w
21 27 22 29 3
21 29 21 30 g
21 29 22 30 A
22 27 23 29 E
23 27 26 29 B
22 29 23 30 B
23 29 26 30 F
26 26 27 27 5
27 26 29 27 g
26 27 27 28 C
27 27 29 28 5
29 26 29 27 2
29 26 30 27 9
29 27 29 28 F
29 27 30 28 D
26 28 27 29 w
27 28 29 29 A
26 29 27 30 g
27 29 29 30 g
29 28 30 29 E
30 28 30 29 8
29 29 30 30 A
30 29 30 30 7
9 30 10 29 2
10 30 11 29 g
9 29 10 30 g
10 29 11 30 8
11 30 12 31 9
12 30 13 31 7
11 31 12 30 H
12 31 13 30 6
9 30 10 29 w
10 30 11 29 4
9 29 10 30 E
10 29 11 30 g
11 30 12 31 F
12 30 13 31 g
11 31 12 30 8
12 31 13 30 8
13 30 17 31 D
17 30 20 31 8
13 31 17 31 A
17 31 20 31 5
20 30 21 31 w
21 30 21 31 A
20 31 21 31 B
21 31 21 31 D
13 31 15 32 B
15 31 20 32 E
13 32 15 30 8
15 32 20 30 1
20 31 20 29 9
20 31 21 29 8
20 29 20 30 E
20 29 21 30 C
9 30 10 31 7
10 30 11 31 8
9 31 10 30 A
10 31 11 30 4
11 30 12 30 8
12 30 13 30 5
11 30 12 30 9
12 30 13 30 4
9 30 10 31 7
10 30 11 31 9
9 31 10 31 C
10 31 11 31 g
11 30 12 31 6
12 30 13 31 9
11 31 12 31 5
12 31 13 31 B
13 30 15 31 9
15 30 16 31 7
13 31 15 31 1
15 31 16 31 A
16 30 19 30 9
19 30 21 30 A
16 30 19 31 w
19 30 21 31 A
13 31 14 32 9
14 31 16 32 5
13 32 14 31 F
14 32 16 31 g
16 31 19 30 7
19 31 21 30 4
16 30 19 31 g
19 30 21 31 F
21 30 21 30 E
21 30 22 30 9
21 30 21 29 B
21 30 22 29 A
22 30 24 31 8
24 30 29 31 2
22 31 24 29 I
24 31 29 29 8
21 29 21 30 8
21 29 22 30 D
21 30 21 30 7
21 30 22 30 7
22 29 24 30 g
24 29 29 30 7
22 30 24 30 6
24 30 29 30 6
29 30 29 30 9
29 30 29 30 A
29 30 29 31 D
29 30 29 31 6
29 30 29 31 D
29 30 30 31 w
29 31 29 31 8
29 31 30 31 7
29 31 29 30 4
29 31 29 30 6
29 30 29 30 w
29 30 29 30 8
29 31 30 31 A
30 31 30 31 8
29 31 30 30 7
30 31 30 30 g
21 30 25 29 G
25 30 26 29 9
21 29 25 30 D
25 29 26 30 5
26 30 27 30 4
27 30 29 30 3
26 30 27 30 B
27 30 29 30 A
21 30 23 30 g
23 30 26 30 5
21 30 23 31 9
23 30 26 31 8
26 30 27 30 A
27 30 29 30 C
26 30 27 31 A
27 30 29 31 5
29 30 29 31 g
29 30 30 31 D
29 31 29 30 7
29 31 30 30 9
30 30 31 30 B
31 30 30 30 B
30 30 31 30 B
31 30 30 30 8
29 30 29 31 I
29 30 30 31 1
29 31 29 31 B
29 31 30 31 1
30 30 30 30 B
30 30 30 30 B
30 30 30 31 g
30 30 30 31 5
30 25 31 26 6
31 25 32 26 9
30 26 31 26 g
31 26 32 26 8
32 25 33 25 7
33 25 33 25 2
32 25 33 26 4
33 25 33 26 8
30 26 31 25 5
31 26 32 25 2
30 25 31 26 D
31 25 32 26 A
32 26 33 27 1
33 26 33 27 7
32 27 33 26 C
33 27 33 26 7
33 25 39 26 E
39 25 42 26 7
33 26 39 25 g
39 26 42 25 7
42 25 43 25 g
43 25 44 25 6
42 25 43 25 g
43 25 44 25 B
33 25 41 26 D
41 25 42 26 w
33 26 41 26 g
41 26 42 26 A
42 25 43 26 8
43 25 44 26 g
42 26 43 26 B
43 26 44 26 6
30 26 31 26 B
31 26 31 26 9
30 26 31 27 9
31 26 31 27 g
31 26 32 27 9
32 26 33 27 g
31 27 32 27 g
32 27 33 27 C
30 27 30 26 E
30 27 31 26 8
30 26 30 27 I
30 26 31 27 g
31 27 32 27 A
32 27 33 27 5
31 27 32 27 4
32 27 33 27 C
33 26 34 26 B
34 26 34 26 7
33 26 34 26 6
34 26 34 26 D
34 26 43 25 A
43 26 44 25 7
34 25 43 26 5
43 25 44 26 C
33 26 33 26 A
33 26 34 26 C
33 26 33 27 A
33 26 34 27 7
34 26 37 26 7
37 26 44 26 A
34 26 37 27 7
37 26 44 27 3
44 25 45 26 9
45 25 45 26 6
44 26 45 25 g
45 26 45 25 9
45 25 46 25 8
46 25 47 25 A
45 25 46 25 6
46 25 47 25 8
44 25 44 25 B
44 25 45 25 7
44 25 44 26 A
44 25 45 26 g
45 25 46 26 8
46 25 47 26 8
45 26 46 26 5
46 26 47 26 A
47 25 48 26 g
48 25 48 26 g
47 26 48 25 B
48 26 48 25 D
48 25 49 25 B
49 25 50 25 2
48 25 49 25 g
49 25 50 25 B
47 25 47 25 A
47 25 48 25 C
47 25 47 26 5
47 25 48 26 g
48 25 49 25 9
49 25 50 25 8
48 25 49 26 g
49 25 50 26 7
44 26 44 26 6
44 26 45 26 1
44 26 44 27 9
44 26 45 27 B
45 26 46 27 g
46 26 47 27 6
45 27 46 27 g
46 27 47 27 g
44 27 44 28 7
44 27 45 28 5
44 28 44 27 w
44 28 45 27 9
45 27 46 27 G
46 27 47 27 9
45 27 46 27 B
46 27 47 27 7
47 26 48 26 D
48 26 49 26 6
47 26 48 27 B
48 26 49 27 7
49 26 49 26 g
49 26 50 26 g
49 26 49 27 g
49 26 50 27 B
47 27 48 28 D
48 27 49 28 g
47 28 48 27 g
48 28 49 27 D
49 27 50 26 E
50 27 50 26 g
49 26 50 27 7
50 26 50 27 B
30 27 31 28 g
31 27 31 28 9
30 28 31 29 5
31 28 31 29 w
31 27 30 28 9
30 27 31 28 w
31 28 30 29 g
30 28 31 29 5
30 29 31 29 w
31 29 31 29 g
30 29 31 30 g
31 29 31 30 g
31 29 30 29 H
30 29 31 29 7
31 29 30 30 B
30 29 31 30 G
31 27 32 27 B
32 27 43 27 6
31 27 32 28 6
32 27 43 28 9
43 27 44 28 A
44 27 44 28 g
43 28 44 28 9
44 28 44 28 3
31 28 41 29 D
41 28 43 29 g
31 29 41 30 B
41 29 43 30 E
43 28 44 29 g
44 28 44 29 w
43 29 44 30 D
44 29 44 30 6
30 30 29 29 6
29 30 30 29 4
30 29 29 30 C
29 29 30 30 6
30 30 30 31 g
30 30 31 31 7
30 31 30 30 B
30 31 31 30 7
30 30 31 31 9
31 30 30 31 g
30 31 31 31 g
31 31 30 31 4
30 30 30 30 5
30 30 31 30 3
30 30 30 31 9
30 30 31 31 A
31 30 32 30 w
32 30 41 30 w
31 30 32 31 4
32 30 41 31 8
41 30 42 31 9
42 30 44 31 C
41 31 42 31 F
42 31 44 31 8
31 31 39 30 3
39 31 41 30 9
31 30 39 31 E
39 30 41 31 w
41 31 42 30 g
42 31 44 30 9
41 30 42 31 g
42 30 44 31 9
44 27 45 28 C
45 27 45 28 5
44 28 45 29 8
45 28 45 29 B
45 27 46 28 g
46 27 46 28 w
45 28 46 29 A
46 28 46 29 w
44 29 45 30 C
45 29 45 30 w
44 30 45 30 B
45 30 45 30 9
45 29 46 29 7
46 29 46 29 4
45 29 46 30 9
46 29 46 30 8
46 27 47 28 C
47 27 48 28 A
46 28 47 29 D
47 28 48 29 g
48 27 49 28 B
49 27 50 28 B
48 28 49 29 A
49 28 50 29 5
46 29 47 29 g
47 29 48 29 B
46 29 47 30 B
47 29 48 30 g
48 29 49 29 6
49 29 50 29 B
48 29 49 30 g
49 29 50 30 E
44 30 45 30 8
45 30 45 30 6
44 30 45 31 4
45 30 45 31 E
45 30 46 30 F
46 30 46 30 g
45 30 46 31 9
46 30 46 31 w
44 31 45 30 w
45 31 45 30 w
44 30 45 31 g
45 30 45 31 4
45 31 45 32 G
45 31 46 32 D
45 32 45 31 7
45 32 46 31 7
46 30 47 31 8
47 30 48 31 8
46 31 47 30 5
47 31 48 30 9
48 30 49 31 D
49 30 50 31 8
48 31 49 30 7
49 31 50 30 A
46 30 47 31 A
47 30 48 31 A
46 31 47 31 C
47 31 48 31 B
48 30 49 30 g
49 30 50 30 9
48 30 49 31 9
49 30 50 31 A
9 31 10 31 w
10 31 10 31 g
9 31 10 32 A
10 31 10 32 D
10 31 11 32 D
11 31 11 32 g
10 32 11 32 9
11 32 11 32 5
9 32 10 34 C
10 32 10 34 B
9 34 10 36 C
10 34 10 36 8
10 32 11 34 A
11 32 11 34 g
10 34 11 36 B
11 34 11 36 4
11 31 13 33 g
13 31 14 33 w
11 33 13 34 8
13 33 14 34 g
14 31 15 32 9
15 31 23 32 1
14 32 15 34 g
15 32 23 34 7
11 34 13 35 I
13 34 14 35 g
11 35 13 36 8
13 35 14 36 5
14 34 17 35 D
17 34 23 35 B
14 35 17 36 8
17 35 23 36 9
9 36 10 37 w
10 36 10 37 5
9 37 10 38 B
10 37 10 38 9
10 36 10 37 g
10 36 11 37 6
10 37 10 38 8
10 37 11 38 C
9 38 10 38 6
10 38 10 38 w
9 38 10 39 E
10 38 10 39 5
10 38 10 38 C
10 38 11 38 G
10 38 10 39 9
10 38 11 39 g
11 36 12 37 6
12 36 15 37 1
11 37 12 38 F
12 37 15 38 B
15 36 17 37 B
17 36 23 37 6
15 37 17 38 g
17 37 23 38 6
11 38 12 39 A
12 38 15 39 A
11 39 12 39 E
12 39 15 39 A
15 38 21 38 B
21 38 23 38 A
15 38 21 39 7
21 38 23 39 A
23 31 24 31 8
24 31 25 31 6
23 31 24 32 F
24 31 25 32 C
25 31 26 32 D
26 31 27 32 5
25 32 26 32 9
26 32 27 32 A
23 32 24 32 5
24 32 25 32 g
23 32 24 33 A
24 32 25 33 9
25 32 26 32 g
26 32 27 32 9
25 32 26 33 5
26 32 27 33 A
27 31 28 32 9
28 31 28 32 8
27 32 28 32 9
28 32 28 32 C
28 31 29 32 D
29 31 30 32 7
28 32 29 32 5
29 32 30 32 8
27 32 28 32 w
28 32 28 32 5
27 32 28 33 9
28 32 28 33 H
28 32 29 33 g
29 32 30 33 D
28 33 29 33 4
29 33 30 33 B
23 33 25 35 7
25 33 26 35 6
23 35 25 36 8
25 35 26 36 g
26 33 27 34 6
27 33 27 34 g
26 34 27 36 7
27 34 27 36 9
23 36 25 37 3
25 36 26 37 D
23 37 25 39 g
25 37 26 39 8
26 36 26 37 9
26 36 27 37 g
26 37 26 39 B
26 37 27 39 E
27 33 28 37 g
28 33 29 37 3
27 37 28 38 8
28 37 29 38 1
29 33 30 36 F
30 33 30 36 4
29 36 30 38 g
30 36 30 38 4
27 38 28 39 5
28 38 29 39 C
27 39 28 39 A
28 39 29 39 G
29 38 29 39 7
29 38 30 39 7
29 39 29 39 C
29 39 30 39 g
9 39 11 40 C
11 39 12 40 g
9 40 11 42 6
11 40 12 42 6
12 39 12 40 D
12 39 13 40 B
12 40 12 42 9
12 40 13 42 7
9 42 11 43 B
11 42 12 43 g
9 43 11 44 6
11 43 12 44 7
12 42 13 43 I
13 42 13 43 4
12 43 13 44 A
13 43 13 44 7
13 39 14 40 w
14 39 14 40 w
13 40 14 42 9
14 40 14 42 9
14 39 16 40 G
16 39 23 40 1
14 40 16 42 w
16 40 23 42 8
13 42 13 43 9
13 42 14 43 G
13 43 13 44 w
13 43 14 44 C
14 42 15 43 F
15 42 23 43 E
14 43 15 44 w
15 43 23 44 E
9 44 10 45 6
10 44 12 45 g
9 45 10 45 A
10 45 12 45 9
12 44 12 45 D
12 44 13 45 I
12 45 12 45 A
12 45 13 45 7
9 45 11 49 B
11 45 12 49 4
9 49 11 50 g
11 49 12 50 w
12 45 12 47 g
12 45 13 47 B
12 47 12 50 A
12 47 13 50 7
13 44 18 46 E
18 44 22 46 H
13 46 18 47 2
18 46 22 47 G
22 44 22 45 9
22 44 23 45 8
22 45 22 47 6
22 45 23 47 w
13 47 14 48 w
14 47 22 48 D
13 48 14 50 5
14 48 22 50 g
22 47 22 48 7
22 47 23 48 A
22 48 22 50 g
22 48 23 50 A
23 39 24 41 B
24 39 24 41 B
23 41 24 42 w
24 41 24 42 g
24 39 26 40 5
26 39 27 40 7
24 40 26 42 9
26 40 27 42 B
23 42 23 43 9
23 42 24 43 6
23 43 23 44 w
23 43 24 44 4
24 42 26 43 A
26 42 27 43 8
24 43 26 44 B
26 43 27 44 7
27 39 28 40 D
28 39 29 40 A
27 40 28 40 4
28 40 29 40 5
29 39 30 40 2
30 39 30 40 6
29 40 30 40 8
30 40 30 40 A
27 40 28 43 g
28 40 29 43 5
27 43 28 44 3
28 43 29 44 g
29 40 30 41 g
30 40 30 41 A
29 41 30 44 7
30 41 30 44 w
23 44 24 45 A
24 44 25 45 B
23 45 24 46 8
24 45 25 46 1
25 44 26 45 8
26 44 27 45 A
25 45 26 46 w
26 45 27 46 B
23 46 24 49 6
24 46 25 49 A
23 49 24 50 D
24 49 25 50 C
25 46 26 47 A
26 46 27 47 w
25 47 26 50 7
26 47 27 50 g
27 44 28 47 g
28 44 29 47 g
27 47 28 48 5
28 47 29 48 6
29 44 29 46 g
29 44 30 46 8
29 46 29 48 6
29 46 30 48 B
27 48 28 49 7
28 48 29 49 3
27 49 28 50 g
28 49 29 50 g
29 48 29 49 w
29 48 30 49 7
29 49 29 50 w
29 49 30 50 3
30 31 30 32 3
30 31 31 32 8
30 32 30 33 E
30 32 31 33 8
31 31 31 32 g
31 31 32 32 8
31 32 31 33 7
31 32 32 33 9
30 33 30 35 B
30 33 31 35 7
30 35 30 37 A
30 35 31 37 7
31 33 32 34 C
32 33 32 34 w
31 34 32 37 g
32 34 32 37 B
32 31 32 34 g
32 31 33 34 A
32 34 32 36 C
32 34 33 36 g
33 31 34 35 6
34 31 34 35 9
33 35 34 36 9
34 35 34 36 3
32 36 32 36 G
32 36 33 36 E
32 36 32 37 9
32 36 33 37 8
33 36 34 37 9
34 36 34 37 A
33 37 34 37 B
34 37 34 37 6
30 37 31 38 5
31 37 31 38 1
30 38 31 39 2
31 38 31 39 g
31 37 32 38 8
32 37 32 38 8
31 38 32 39 4
32 38 32 39 5
30 39 31 48 E
31 39 31 48 A
30 48 31 49 7
31 48 31 49 C
31 39 31 44 A
31 39 32 44 7
31 44 31 49 C
31 44 32 49 5
32 37 33 42 D
33 37 33 42 A
32 42 33 43 9
33 42 33 43 g
33 37 33 41 B
33 37 34 41 9
33 41 33 43 5
33 41 34 43 w
32 43 32 46 A
32 43 33 46 7
32 46 32 49 g
32 46 33 49 9
33 43 33 46 A
33 43 34 46 4
33 46 33 49 8
33 46 34 49 g
34 31 37 36 C
37 31 39 36 9
34 36 37 40 w
37 36 39 40 8
39 31 46 37 E
46 31 47 37 D
39 37 46 40 G
46 37 47 40 7
34 40 35 41 3
35 40 39 41 g
34 41 35 44 g
35 41 39 44 g
39 40 42 41 A
42 40 47 41 4
39 41 42 44 B
42 41 47 44 6
47 31 48 33 w
48 31 49 33 D
47 33 48 34 D
48 33 49 34 6
49 31 50 32 6
50 31 50 32 A
49 32 50 34 w
50 32 50 34 6
47 34 48 42 A
48 34 49 42 g
47 42 48 44 C
48 42 49 44 g
49 34 49 40 g
49 34 50 40 g
49 40 49 44 A
49 40 50 44 g
34 44 40 44 w
40 44 42 44 9
34 44 40 45 7
40 44 42 45 8
42 44 45 44 g
45 44 47 44 6
42 44 45 45 G
45 44 47 45 D
34 45 40 46 C
40 45 42 46 g
34 46 40 49 E
40 46 42 49 1
42 45 45 48 A
45 45 47 48 w
42 48 45 49 F
45 48 47 49 E
47 44 48 46 A
48 44 49 46 8
47 46 48 47 g
48 46 49 47 7
49 44 50 46 g
50 44 50 46 F
49 46 50 47 8
50 46 50 47 4
47 47 48 48 4
48 47 49 48 9
47 48 48 49 C
48 48 49 49 g
49 47 49 48 6
49 47 50 48 A
49 48 49 49 C
49 48 50 49 8
30 49 30 47 6
30 49 31 47 g
30 47 30 48 C
30 47 31 48 A
31 49 31 47 A
31 49 32 47 9
31 47 31 48 g
31 47 32 48 7
30 48 30 49 8
30 48 31 49 C
30 49 30 49 A
30 49 31 49 B
31 48 32 49 w
32 48 32 49 7
31 49 32 49 E
32 49 32 49 g
32 49 33 48 B
33 49 33 48 w
32 48 33 49 5
33 48 33 49 8
33 49 34 49 B
34 49 34 49 g
33 49 34 49 w
34 49 34 49 4
32 49 33 48 7
33 49 33 48 8
32 48 33 49 9
33 48 33 49 7
33 49 34 50 6
34 49 34 50 C
33 50 34 49 7
34 50 34 49 D
30 49 30 48 B
30 49 31 48 A
30 48 30 49 6
30 48 31 49 g
31 49 31 50 7
31 49 32 50 5
31 50 31 49 8
31 50 32 49 2
30 49 30 50 B
30 49 31 50 B
30 50 30 50 9
30 50 31 50 6
31 49 32 49 w
32 49 32 49 6
31 49 32 50 B
32 49 32 50 9
32 49 32 49 B
32 49 33 49 9
32 49 32 50 D
32 49 33 50 C
33 49 34 50 B
34 49 34 50 A
33 50 34 50 5
34 50 34 50 6
32 50 33 51 6
33 50 33 51 6
32 51 33 50 w
33 51 33 50 g
33 50 34 50 g
34 50 34 50 g
33 50 34 50 4
34 50 34 50 A
34 49 36 50 A
36 49 37 50 B
34 50 36 48 E
36 50 37 48 B
37 49 38 50 3
38 49 39 50 g
37 50 38 48 8
38 50 39 48 5
34 48 36 49 A
36 48 37 49 G
34 49 36 49 g
36 49 37 49 E
37 48 38 49 9
38 48 39 49 C
37 49 38 49 B
38 49 39 49 G
39 49 45 49 I
45 49 46 49 8
39 49 45 50 g
45 49 46 50 D
46 49 49 49 2
49 49 50 49 9
46 49 49 50 4
49 49 50 50 7
39 50 40 51 8
40 50 46 51 w
39 51 40 49 A
40 51 46 49 g
46 50 49 49 4
49 50 50 49 9
46 49 49 49 w
49 49 50 49 7
34 49 35 50 g
35 49 37 50 2
34 50 35 50 A
35 50 37 50 C
37 49 38 49 4
38 49 39 49 g
37 49 38 50 g
38 49 39 50 C
34 50 36 49 B
36 50 37 49 A
34 49 36 50 g
36 49 37 50 9
37 50 38 51 g
38 50 39 51 5
37 51 38 50 g
38 51 39 50 g
39 49 43 50 B
43 49 46 50 G
39 50 43 49 8
43 50 46 49 8
46 49 47 50 g
47 49 50 50 8
46 50 47 49 C
47 50 50 49 2
39 49 42 50 A
42 49 46 50 6
39 50 42 50 g
42 50 46 50 7
46 49 49 49 D
49 49 50 49 D
46 49 49 50 7
49 49 50 50 2
