100 100
0 0 1 2 w
1 0 1 2 g
0 2 1 3 w
1 2 1 3 E
1 0 4 2 g
4 0 9 2 9
1 2 4 3 H
4 2 9 3 9
0 3 1 12 A
1 3 1 12 A
0 12 1 21 6
1 12 1 21 9
1 3 5 11 A
5 3 9 11 4
1 11 5 21 E
5 11 9 21 g
9 0 9 7 A
9 0 9 7 B
9 7 9 9 6
9 7 9 9 5
9 0 10 6 B
10 0 10 6 B
9 6 10 9 w
10 6 10 9 B
9 9 9 11 7
9 9 9 11 7
9 11 9 21 g
9 11 9 21 6
9 9 9 13 D
9 9 10 13 5
9 13 9 21 7
9 13 10 21 9
0 21 2 26 g
2 21 3 26 7
0 26 2 27 w
2 26 3 27 B
3 21 8 24 g
8 21 9 24 g
3 24 8 27 5
8 24 9 27 A
0 27 1 44 9
1 27 3 44 A
0 44 1 46 7
1 44 3 46 6
3 27 8 39 E
8 27 9 39 9
3 39 8 46 B
8 39 9 46 B
9 21 10 21 E
10 21 10 21 g
9 21 10 22 2
10 21 10 22 G
10 21 9 22 7
9 21 10 22 A
10 22 9 22 9
9 22 10 22 g
9 22 9 44 C
9 22 10 44 D
9 44 9 46 A
9 44 10 46 C
10 22 9 30 B
9 22 10 30 8
10 30 9 46 9
9 30 10 46 A
10 0 56 1 w
56 0 73 1 9
10 1 56 3 7
56 1 73 3 E
73 0 90 2 7
90 0 93 2 g
73 2 90 3 7
90 2 93 3 9
10 3 47 20 A
47 3 73 20 F
10 20 47 22 4
47 20 73 22 8
73 3 90 11 B
90 3 93 11 G
73 11 90 22 6
90 11 93 22 7
93 0 94 3 g
94 0 94 3 5
93 3 94 19 7
94 3 94 19 6
94 0 95 12 3
95 0 100 12 C
94 12 95 19 C
95 12 100 19 5
93 19 93 21 w
93 19 94 21 4
93 21 93 22 3
93 21 94 22 7
94 19 95 21 7
95 19 100 21 6
94 21 95 22 1
95 21 100 22 4
10 22 12 31 g
12 22 25 31 I
10 31 12 38 A
12 31 25 38 C
25 22 59 32 5
59 22 93 32 g
25 32 59 38 B
59 32 93 38 6
10 38 13 45 w
13 38 25 45 g
10 45 13 46 9
13 45 25 46 B
25 38 84 43 C
84 38 93 43 5
25 43 84 46 D
84 43 93 46 5
93 22 97 38 D
97 22 98 38 A
93 38 97 44 8
97 38 98 44 A
98 22 99 26 A
99 22 100 26 8
98 26 99 44 9
99 26 100 44 9
93 44 96 45 8
96 44 98 45 1
93 45 96 46 9
96 45 98 46 4
98 44 99 45 A
99 44 100 45 7
98 45 99 46 E
99 45 100 46 A
0 46 1 48 w
1 46 1 48 B
0 48 1 54 D
1 48 1 54 C
1 46 1 52 H
1 46 2 52 g
1 52 1 54 A
1 52 2 54 7
0 54 1 58 A
1 54 1 58 1
0 58 1 61 7
1 58 1 61 5
1 54 2 57 E
2 54 2 57 G
1 57 2 61 9
2 57 2 61 9
2 46 4 47 7
4 46 7 47 A
2 47 4 48 C
4 47 7 48 E
7 46 9 47 5
9 46 10 47 C
7 47 9 48 g
9 47 10 48 w
2 48 6 57 7
6 48 7 57 A
2 57 6 61 B
6 57 7 61 g
7 48 9 52 8
9 48 10 52 8
7 52 9 61 6
9 52 10 61 9
0 61 1 66 9
1 61 1 66 B
0 66 1 95 7
1 66 1 95 g
1 61 2 73 g
2 61 2 73 A
1 73 2 95 g
2 73 2 95 A
0 95 1 99 5
1 95 1 99 7
0 99 1 100 8
1 99 1 100 B
1 95 1 96 g
1 95 2 96 D
1 96 1 100 B
1 96 2 100 g
2 61 4 89 7
4 61 7 89 D
2 89 4 98 2
4 89 7 98 g
7 61 9 77 g
9 61 10 77 C
7 77 9 98 F
9 77 10 98 6
2 98 6 99 2
6 98 7 99 C
2 99 6 100 A
6 99 7 100 A
7 98 8 99 7
8 98 10 99 B
7 99 8 100 9
8 99 10 100 w
10 46 15 48 6
15 46 16 48 9
10 48 15 49 7
15 48 16 49 9
16 46 26 47 g
26 46 43 47 7
16 47 26 49 B
26 47 43 49 w
10 49 11 50 6
11 49 16 50 D
10 50 11 51 9
11 50 16 51 3
16 49 17 50 w
17 49 43 50 6
16 50 17 51 g
17 50 43 51 A
43 46 45 47 8
45 46 46 47 B
43 47 45 49 g
45 47 46 49 g
46 46 59 48 9
59 46 100 48 g
46 48 59 49 g
59 48 100 49 g
43 49 45 50 3
45 49 46 50 8
43 50 45 51 g
45 50 46 51 6
46 49 58 50 g
58 49 100 50 8
46 50 58 51 A
58 50 100 51 2
10 51 15 57 C
15 51 25 57 8
10 57 15 71 4
15 57 25 71 7
25 51 26 61 C
26 51 43 61 g
25 61 26 71 w
26 61 43 71 7
10 71 13 80 7
13 71 25 80 A
10 80 13 100 G
13 80 25 100 9
25 71 35 97 I
35 71 43 97 8
25 97 35 100 g
35 97 43 100 5
43 51 55 59 5
55 51 57 59 D
43 59 55 60 6
55 59 57 60 8
57 51 99 57 9
99 51 100 57 9
57 57 99 60 E
99 57 100 60 3
43 60 56 80 B
56 60 57 80 9
43 80 56 100 E
56 80 57 100 B
57 60 71 99 5
71 60 100 99 7
57 99 71 100 3
71 99 100 100 B
