100 100
0 0 6 58 A
6 0 8 58 5
0 58 6 68 g
6 58 8 68 C
8 0 78 49 E
78 0 86 49 9
8 49 78 68 2
78 49 86 68 8
0 68 7 72 w
7 68 8 72 H
0 72 7 91 6
7 72 8 91 8
8 68 56 82 1
56 68 86 82 7
8 82 56 91 C
56 82 86 91 H
86 0 97 22 E
97 0 98 22 1
86 22 97 68 8
97 22 98 68 g
98 0 99 6 A
99 0 100 6 E
98 6 99 68 3
99 6 100 68 5
86 68 94 85 C
94 68 98 85 G
86 85 94 91 1
94 85 98 91 9
98 68 99 75 F
99 68 100 75 G
98 75 99 91 g
99 75 100 91 B
0 91 22 92 E
22 91 39 92 F
0 92 22 93 g
22 92 39 93 B
39 91 81 92 I
81 91 86 92 g
39 92 81 93 5
81 92 86 93 2
0 93 1 95 5
1 93 39 95 4
0 95 1 100 D
1 95 39 100 w
39 93 41 97 6
41 93 86 97 g
39 97 41 100 H
41 97 86 100 2
86 91 88 94 F
88 91 89 94 8
86 94 88 99 D
88 94 89 99 9
89 91 93 98 7
93 91 100 98 E
89 98 93 99 8
93 98 100 99 9
86 99 88 100 g
88 99 89 100 8
86 100 88 100 H
88 100 89 100 w
89 99 91 100 G
91 99 100 100 7
89 100 91 100 7
91 100 100 100 6
